11.244421133,-2.68377047211,-12.001183772,-3.98487915259,1.1496744774,-6.77022820924,-9.59160109497,-9.9478558651,-7.23095873795,1.69392456671,12.9028293154,12.4596387106,5.62886365956,
11.0414898489,8.84450400082,-25.6714378352,4.66822091162,-9.25070986358,-6.72771982626,-7.99098321722,-12.0277921379,-8.00209126912,5.29800500059,17.0318764995,17.4461580348,3.91277984312,
10.9749787294,8.20348238487,-24.7518939024,5.55610837906,-13.6887055714,-4.4264309826,-8.00244678841,-11.1094597712,-11.6416150332,-4.36816579961,16.6530349065,21.3443761059,5.38072531757,
11.1385836797,5.43318638769,-22.2358220294,-1.06979109797,-8.80106483378,-4.04753091452,-4.61393182317,-7.48799308061,-5.68512880192,-4.7680765959,7.52021474737,16.1055331736,0.202285568504,
11.1206914341,9.6191461043,-28.6240722266,4.07403495131,-9.3651245814,0.914638888028,-6.4515574738,1.4417542583,-0.160990663539,-9.77098756909,-0.34108047321,20.1724706377,-1.47904958226,
11.0740688275,10.1087916145,-25.0024709625,1.41863343289,-14.6666683714,-4.71457007721,-7.76219008599,6.33625998917,7.00107333783,-15.5222169589,-5.07389441311,21.4108525473,11.3446345101,
11.0683434693,9.97175374865,-25.8776393985,4.03112763101,-11.7373585118,-3.9598586645,-4.19401029931,7.53160157237,0.932291262054,-16.4542048304,-6.15719671957,12.4590423971,12.7431177062,
11.1025271575,6.54377069586,-24.3582856663,5.91065685991,-11.0745362025,-4.95382677853,-2.41095578569,7.17865961873,-5.33960886039,-9.71227636431,-6.60130414574,10.3850247017,9.35294223196,
11.1716588116,1.53719816323,-24.4686650805,1.55522969391,-10.1228996929,-0.918518400427,-6.01121790263,2.43695876613,-14.255131415,-11.7794798838,-1.29547446412,16.8584355698,8.10628350204,
11.5441608183,-0.0236437299418,-24.80062276,3.61145394087,-8.0080782138,-4.65720853007,-4.88902555184,10.0103654572,-9.35402746267,-11.6654024379,-5.41781573723,17.0820104112,-2.42210254296,
11.7516467143,-2.16357370558,-22.0232766253,4.12018502939,-10.5663224723,-6.56301416918,-6.10644405681,11.0993765244,-11.4668823527,-13.3445239226,1.59382512381,19.0946993868,-0.623396945308,
11.8120050737,-4.07295508632,-23.6071927998,6.43215153043,-15.7400714043,-5.07286900156,2.86967641548,17.0578396773,-4.12990617201,-5.70195450413,3.915110626,18.9495095203,-2.34556222432,
11.6340446736,-3.66247396835,-25.8987257449,4.23520965833,-14.8874436214,0.696015009269,18.1252098084,20.5349693611,2.40836136259,-12.7032052644,5.73308432148,19.0257107489,0.00486383118405,
11.421039692,-2.04723067913,-26.8974363035,0.403805937912,-15.7873206454,7.87097033556,15.5503531584,11.4693620122,5.433257234,-7.63191422419,-4.9514149272,27.8183651395,4.26613813855,
11.5848761143,-4.25477194101,-24.9944142316,4.61786370378,-14.7530990885,14.3094848175,15.9157337295,11.2855720049,-7.29150848201,-16.4077072796,-4.87296120844,24.1956812097,1.33502041661,
11.6387395427,-6.75468818834,-20.2975894596,3.80101072737,-13.8201765966,7.47560609654,8.90370297794,11.3548788964,-14.2274232238,-14.4930044026,4.37445222574,28.0315728115,7.45799321802,
11.6600843381,-8.95701913374,-18.4406870608,4.97629531051,-19.0142631745,-0.879112746142,12.7708998597,23.0893812323,-10.1078848594,-8.85739472271,5.02018199731,25.514553628,8.94951621877,
11.6471824147,-10.3421209036,-18.8585993818,5.7826071233,-17.1023252318,0.681738064752,14.8135990558,19.4513852263,-11.4799930398,-4.46132842239,8.66927804499,19.2134028653,4.85966523922,
11.7333929399,-10.2652160844,-18.0996454953,7.45245850328,-18.2263209932,-2.93353472272,14.1549292542,13.0837137858,-10.0485828138,-1.33046782261,13.6227859631,12.6628852827,4.69093172521,
11.8581646621,-9.29768593585,-17.4709406491,10.1735341793,-18.541772203,-1.93810981541,6.59854738679,12.9048164355,-9.69901177384,1.89623090204,10.6709261999,14.2200567077,1.71876046103,
11.8784287302,-10.2160092252,-20.5161132641,6.62538098482,-19.7361281444,-1.2580761328,10.2694583678,19.4548876795,-4.55450666605,-2.27546354074,8.57955500661,14.1341056077,5.25753512926,
11.7767248905,-9.55638079824,-21.0945119546,6.54213857465,-23.6297305664,1.28002722529,17.9206744704,20.5237878615,-6.97604832753,-2.16404982193,6.70216355076,13.9514177457,12.2881478853,
11.7450548149,-8.98698815255,-20.5027435565,6.11128284485,-22.9937742137,3.55597820313,20.1868909947,15.9853286827,-13.476152279,-1.1906453106,5.19476177937,14.1554847573,10.9281716686,
11.5290833878,-5.87943041463,-20.6131877302,7.72035129992,-21.0790848905,4.44377113694,14.5044066733,13.7054746278,-14.327894313,5.24508562757,-1.26779545504,13.2909880236,9.10081383354,
11.5059677469,-7.50968852044,-23.6747713223,7.96682684515,-17.9705984236,-3.7350138213,14.6943464765,14.8858550053,-2.24410037891,9.90124142552,1.01178663451,16.3173065577,6.38076656724,
11.4255852132,-4.37859673902,-26.2660262821,11.9951540937,-19.5197138877,-4.09019860945,11.1886246198,6.83614520719,6.78575719667,6.66976426173,4.93424768827,8.77810584598,-2.38920920143,
11.8239277313,-6.98498113781,-20.9841266422,19.0631080346,-23.9857670578,-4.01297244742,10.7975207074,9.0703915703,4.6152190846,5.73920642407,8.1335736605,8.11161569436,-10.828477855,
11.8830586425,-8.60930731026,-18.9111709849,18.9248090348,-25.6795424592,-4.98374216515,3.59109192589,8.43498858616,5.83479005732,7.42600575672,3.80741743227,5.60626679954,-6.23042505037,
11.7944532233,-9.09309076811,-16.8452475578,14.3656833303,-25.2721646559,-4.50308370499,6.26326110887,3.00240007662,9.00362276561,6.62360569229,3.9801501837,2.61719650609,-2.07939461582,
11.8048924273,-6.67539822977,-21.6824084382,15.3655836916,-27.4161270602,0.399019016679,10.9555776061,2.58791254611,10.568112037,2.22952229653,-0.0985386492984,6.16296766112,-1.70234781561,
11.521136925,-4.65925661752,-18.2207895015,13.4630294119,-28.6087026586,0.935814337739,11.4236458303,1.74737175568,10.4765167972,10.8843788123,-5.02078437718,7.38649087219,-1.12601978276,
11.4385026975,-4.80265794236,-15.8777611726,12.1412742335,-31.3974595369,0.103148188851,8.75988074959,-3.20596961726,10.6217314708,10.7006793213,-2.15533829012,5.95167291971,0.126384318071,
11.5911722294,-3.98237445033,-18.0967021751,18.7958771828,-32.8291603498,-0.914624835777,8.47451235402,-0.791186117524,14.3781062207,8.46899593101,-5.23870183276,7.26749424843,-1.47287791209,
11.8031117934,-4.56874105034,-17.9605475402,20.3010636297,-31.1744478561,-5.1249095336,9.00458656762,2.71921801135,13.049430643,8.55760156844,-7.38476879096,18.4131218769,-7.67796158833,
12.0053340744,-6.30585190649,-17.9866249744,19.6637116611,-33.0956892217,-8.34455037797,8.82092210627,2.48673612736,9.90780138797,4.65834229934,-7.16094159927,22.9325191536,-6.27952849807,
11.9743132082,-6.97835537389,-14.0405662567,18.5459160734,-30.1375754732,-6.72803374144,9.05426393763,-1.79035227256,8.65050939312,1.48654775017,-5.88120475841,18.4492821388,-7.23048333307,
11.698310051,-5.90679090274,-19.1777907629,12.5621280366,-32.61517321,0.981472885525,16.0120399406,-1.56505423011,10.1051829119,5.97141841366,-4.11025855052,16.119527226,-1.05176189496,
11.7103309282,-3.08812380908,-22.6094991461,14.8731727781,-31.7889681867,2.56483655713,11.2788419855,-6.98796931664,5.71850135713,3.84733746733,-11.0089825776,14.0484800102,6.84324096784,
11.7810630712,-2.52334315311,-23.4482075839,14.8297644232,-24.4067897185,0.544016112502,11.482165775,-5.0758139842,3.59443630753,5.40320600184,-9.87265419337,14.0823310716,7.65929457626,
11.8879978339,-4.42203362169,-27.3769677282,13.1933009812,-25.7450541173,2.99770087763,11.4040360452,1.88802665382,10.505715011,4.73116789697,-11.2245694813,15.8260284585,6.9975791564,
11.7355256204,-2.96063583977,-25.6076759262,15.5657458168,-26.4387441279,-1.85386197528,9.51016418964,7.0765968033,9.88848129493,-4.11309435302,-16.5064578595,12.9469952459,6.84780721712,
11.7096589768,-1.92622258731,-24.2787861131,22.1720741121,-25.8521561248,-4.78794501316,5.2360386185,8.8748996741,11.8603366051,-7.94850042566,-14.0278557616,15.9974834238,9.8476436726,
11.5696284709,-2.00556762727,-25.8488276381,19.2006573191,-26.1737096186,-3.80123022036,5.33344305005,7.19132165094,2.89688886721,-12.3572254385,-12.8217552437,23.0078491801,7.8310359101,
11.3965164395,-2.10218614417,-22.3020755252,17.564731682,-18.5026656362,3.21523164796,7.0365122207,5.00253814483,3.97325544404,-15.4720912248,-12.8331121143,18.7924759294,4.35240078944,
11.1628903674,-0.417650728174,-23.2011995725,18.6156063443,-19.2566584747,11.5151073174,-0.401309047531,-0.71244795063,-3.24171310589,-20.044800999,-16.1366031452,25.6792395137,8.23055821082,
10.9787491342,-0.304036405917,-21.5246113503,18.0265204334,-18.3688458534,7.06689266943,-2.45557691468,0.0500494533488,-2.95529457898,-20.5385110346,-11.3536998578,20.0736091434,6.9002830535,
10.6902907185,2.47122980953,-22.3890392894,16.6778192797,-11.3960277612,1.78902862027,0.863754593343,9.49372306966,-6.13346686609,-15.9353656208,-8.14187786321,12.6104581524,9.97820633514,
10.6659401945,1.94535782171,-24.5440689011,12.8003757954,-6.52957911184,3.58821755187,0.4839670363,8.6639179537,-10.7833369274,-15.3132368103,-5.87946756479,14.6838357945,10.2987243911,
10.6521174672,2.8705415695,-23.8632532234,14.3996264311,-9.23802452057,0.438094654766,3.49896987698,8.44516018559,-3.75701534366,-18.1167745618,-1.52669442253,20.4474074245,9.0235301462,
10.4232800372,5.1300245583,-25.5206999516,17.4685886167,-8.81576751868,1.12812409799,2.25336086531,2.95827037532,-4.89649327325,-14.0146018954,3.62942633196,23.5028289862,9.38939306547,
10.754049461,5.65018474558,-28.6690226587,18.6535910899,-8.23428838213,-6.80692621066,3.65926422104,-2.02675707291,-6.92272509255,-18.6291636464,2.54427025496,33.1649771427,15.891484618,
11.0775475314,1.80438307541,-27.4690299423,15.1453014862,-7.89797084187,-4.2552522039,10.5201903721,7.38703383177,-9.02262769586,-12.2101785617,5.55784899845,21.7784216833,17.0103404387,
11.2781029302,-3.74168035427,-26.7290717245,8.02147007906,-7.56043307671,-0.719417722229,10.1832579127,7.20536879783,-6.47116843525,-9.68603095605,2.67811513071,22.9136050804,21.9113416737,
11.3361476082,-3.96890050293,-22.7379372605,9.53518545577,-9.66998476198,9.31103257044,2.01948616092,8.48988030384,-9.54531366342,-10.8135340136,3.31178710525,24.7888988648,14.3571782832,
11.3654133894,-5.54354045267,-20.3078343554,11.4681973304,-11.1248735159,9.60431458464,0.720527328284,13.1825743611,-12.304315981,-11.7054833963,-5.67488720344,22.7141621846,10.4673147249,
11.3715283861,-8.08861927307,-20.2763951272,15.0133854104,-4.71914515776,11.5937317724,10.6374099647,16.9517947171,-22.0640849675,-15.0075846211,-13.8723130736,17.5468540955,11.8482952673,
11.1902929207,-6.00305345897,-18.7547972591,18.9912494011,-1.43636709121,10.1287257689,14.1685569776,13.6838896746,-26.9418729679,-22.1052489432,-16.3815229649,8.45941215894,10.7001536534,
11.372657927,-3.22184041506,-20.2925940983,20.8350911279,-11.7900387217,1.51371347107,8.14590276788,4.30489070819,-25.3670850114,-18.2866343691,-15.5404783656,9.73488655252,8.80971502489,
11.6326713907,-2.60515158981,-18.4738692707,23.0287399891,-14.2930915947,-7.25480564835,4.33460272995,1.27507024923,-26.3099131693,-17.8638538873,-3.74746982675,11.1112360526,4.62119413838,
11.6164217503,-1.73357799395,-17.7265316358,21.8060740483,-22.0208809025,-11.4908228269,2.68509416445,8.39525966903,-21.7153292741,-12.9975725143,1.31623753485,12.1437492845,-0.157536971451,
11.6347633534,0.761135259906,-20.6813127687,19.9082805361,-24.0132077807,-8.75712029511,5.94933857284,14.3940441696,-12.3313035374,-12.2948677614,-2.95038657626,6.63891595525,-6.8358107768,
11.5512542807,2.11510724424,-25.3819004522,17.3808349904,-26.4137950295,-11.2107342604,6.05480691862,16.2523864561,-5.57077901114,-9.04626969544,-7.00531967787,7.47053039179,-5.44762380968,
11.5806454665,3.16776632142,-24.2647902554,14.851896463,-22.9990948575,-17.3253242216,5.75330690004,19.4983061908,0.559938774743,-1.45171510313,-4.49811858072,5.16304717875,-5.56752394579,
11.7119589388,1.57840833164,-26.9840978388,14.174830334,-20.7687651967,-18.0328419318,8.14877078092,19.2097635149,9.08064354675,-4.86607771233,-5.63303787246,3.71822881929,-8.81607653878,
11.6509849368,0.373342254069,-25.5637329625,16.9033745402,-21.5794155564,-19.6321054605,6.51421968192,20.1304992028,6.13166319825,-10.6913653714,-4.01069063679,1.8300822599,-9.14268365192,
11.3627816328,2.6824404516,-28.3825056797,20.6829213087,-22.2926403611,-10.726333552,2.26139439103,19.7282455178,6.72473078473,-12.3597876936,-3.2791437078,8.82095583472,-5.66498841149,
10.8963897643,1.99366330528,-23.3638657382,17.442403923,-20.0120080481,-9.43292523601,2.73205308996,14.914016402,-0.559895937008,-12.9313180378,-1.02174965408,21.4057271366,2.39394110656,
10.5479645426,5.84151520395,-25.4119046736,15.851324136,-21.7068229371,0.117791587544,2.39956243639,10.9075096007,-4.02865606502,-2.943532493,0.454675359189,25.0254865254,5.69639540232,
10.4637451088,6.46953705492,-22.071992332,12.8374186118,-18.5838760436,-2.67698309759,0.171730405085,6.22835658713,-6.86210791137,-8.19496802475,1.8818565726,19.7321638444,13.844676194,
10.6216959743,7.75944648285,-24.2354184686,13.3507134946,-16.7858554214,-2.13140240581,-2.19588503712,4.20806071077,-4.98666491634,-8.99720643944,2.3936934689,23.0218257097,15.2237858798,
10.6480637705,8.53493294568,-26.2414500307,11.0906546673,-13.8651139497,-4.09147987869,1.53340892416,3.29676108366,-1.89626810663,-8.51730105674,2.28033694393,21.313067021,14.4490019717,
10.6486550447,5.95281707449,-26.4659224544,8.67736585715,-12.380943539,-1.33145559254,4.78644222777,9.2214819992,-4.87238227855,-14.4496792663,6.79555968631,15.5181768808,12.4613226835,
10.7696343748,8.52533066429,-25.9307041603,13.0134200738,-16.8395303633,3.84242722771,2.94215255361,12.0564406054,-13.3068561831,-16.5001022343,7.4518734334,18.7144426012,11.962504628,
10.8451719122,3.54527665201,-24.6320399377,7.50827849799,-12.4541509293,-0.242862799033,7.05204836221,12.8542131079,-12.0280243746,-14.5121978816,13.5358989619,19.1611173042,17.4182670421,
11.0595530502,0.243825563936,-26.8398826616,8.15719589928,-14.2560678078,0.90238252603,11.7426695939,10.0078938601,-10.2397354868,-8.19899175156,15.1626240398,19.8068351558,17.0830865166,
11.163644955,-2.56984773769,-26.0336482574,5.58139387715,-16.9494681161,2.12822549201,12.4867598509,9.61052779219,-7.58485816207,-1.42405573754,10.6007477576,19.2778530356,18.0560979476,
11.1548831688,-2.25822176369,-22.5034017453,9.44043610054,-11.782417499,3.03316160491,6.70423115749,2.95280106795,-20.022172741,-5.44535436672,2.88817560638,17.5386692652,19.4625643786,
11.0071684347,-3.13423502087,-19.5738891895,4.33526815415,-8.9837528005,3.10767162003,9.30357646475,10.0476517095,-19.5317538373,-7.75651948249,7.7487668806,9.97379440735,13.2227353835,
10.8104201869,-2.11182338891,-17.7196800226,5.76256900062,-7.15149464627,-0.102304338869,2.304876785,1.05685728985,-17.9401162207,-10.1755864229,3.08181717643,8.77611404708,8.18151832193,
10.6048625307,-1.33932566777,-19.2848008679,8.66410650265,0.822316001912,0.853675569494,-1.02897869119,-2.85309962142,-13.7438139262,-18.6427191065,6.56396381333,8.68295082853,7.15933294981,
10.8050924659,-2.33811297519,-21.1931562221,16.485623317,-0.833574523481,-0.783652010721,-3.09119676081,-0.599419575382,-8.12262028569,-9.01451853023,-2.16652941415,10.584929343,0.601719976723,
11.1299847038,-3.95379637736,-21.0349040804,18.066328457,1.95255159002,-4.64515594993,-5.87844962595,0.778585946428,-6.30020063161,-3.7572865049,-7.90796260976,8.70432102445,-2.49420855406,
11.8095111133,-5.46519808433,-23.3108338919,13.2174997438,-3.38918655052,-7.67740253334,1.60495724226,11.6417791615,-0.760121529998,-14.4786572937,-12.4744965257,10.9308903852,-0.0786824913356,
12.1096150632,-2.27325572865,-26.0422187346,13.4378470479,-10.4142253152,-6.47287477101,2.50343758669,18.2657992835,6.13854875307,-19.262521407,-14.3122825306,20.0983082171,-6.57651417556,
12.1864484073,-3.90290873573,-28.0685388321,8.2606339988,-11.4525609788,-3.31696554338,4.73861186213,21.7235964411,7.24519529351,-27.5939865929,-18.2573174086,24.6374260346,5.60085364339,
12.0963838629,0.395016863094,-34.4921599701,5.93654850118,-6.72566469463,10.0330292207,2.77527755004,13.7836035771,7.67595586766,-8.62291102098,-10.367012845,9.4166306233,-1.71137791037,
12.0432365049,-2.74284808827,-37.4458176788,2.1457423059,1.4347584367,17.2874815545,7.01474452364,9.88195872172,-0.0480306425719,-4.01021824671,-2.3285990394,5.17479847143,-2.08433678069,
12.0900137289,-2.82117026021,-35.046970757,1.89845573727,6.5107216196,21.4360655645,1.73166689512,-3.40491118172,4.33162684715,3.22498592103,6.40624107104,5.08371954362,-1.7640186726,
12.1024073632,-3.20487102691,-37.0086761868,1.39647108981,10.0686090414,28.2128104218,0.0582025805024,-3.44117541378,5.47090736943,4.6343007243,1.1620005945,8.32869314348,1.44439241228,
12.0195859415,-1.84236930515,-35.6433631921,3.51777738651,7.55357901696,26.6234664135,0.113865108148,-6.31102940107,6.16790838941,3.71867484709,-4.08879016885,10.3025705437,3.11653564765,
11.8725956998,-1.70266001332,-35.7708716945,2.88093051514,6.71479259378,27.2434737618,3.68270764643,-4.51558197808,5.64544659692,2.81481027291,0.725248329597,12.5076731827,11.0223422153,
11.8769038866,-0.330630600601,-34.1284599855,3.31304383098,7.60699492403,23.9555691325,0.76415147139,0.88512830047,1.59986631959,-3.20851285764,-0.394068143548,10.4124706432,4.798010632,
11.8239621369,-2.59065659081,-35.859421103,-0.435094111921,8.15153282208,19.7572011071,-1.81272188292,2.76997227405,8.94217864174,-1.03538082877,5.42604331398,12.782338414,-1.74386923987,
12.0321484322,-3.15327065811,-39.8639566331,2.67225966896,3.27913529501,19.3251649066,-2.00173233615,14.98788068,15.7852887667,-1.48364179123,-3.27355252181,20.2676738529,-3.77243629404,
12.170589931,-4.48218703924,-36.8584103,2.73878749527,5.89352106446,16.5359123163,-8.74062799138,9.99652730539,14.0103672681,-11.5732350536,-2.6602852309,19.9121746119,2.34370160446,
12.1576346006,-2.88701379331,-39.5652565718,4.98616518483,1.94019717502,17.2483212955,-8.97608686449,10.3659663602,8.48162807755,-4.80972369737,2.14456254895,23.1440386582,0.668093717073,
12.2108702213,-4.92437035236,-41.6412796187,4.63742501507,5.68861481969,22.7000041335,-5.2507767302,10.8636364233,3.37254608846,-9.13494383078,3.963459886,16.5941099518,10.7586397703,
12.1543443718,-4.60914722191,-37.8148655794,4.01532538038,6.38552020266,25.5853606198,-5.58603041768,12.4918495649,0.4101573924,-9.94476088437,-2.73133725704,9.53205809986,8.28136880913,
12.0305507,-4.42784223747,-35.2261957456,2.24537344415,5.62972016743,23.490368637,-6.62923729114,8.90504243352,7.22491929051,-2.42534464535,-4.16269397312,6.37087376602,8.45085032678,
12.0304708742,-4.20436153094,-35.7423238122,4.32470288891,8.17219597056,21.6651396774,-8.26059028512,4.79646970266,9.32995169408,1.17107541424,-7.59077467774,4.7027683638,4.51553057722,
12.011429358,-3.87934570528,-36.0395942981,6.96707298473,8.34486357168,26.8404436497,-7.06959147758,1.6310115866,7.95625417398,-2.24377142341,-11.4330225468,-0.594483028144,4.04896819509,
12.0873920429,-3.94576118091,-36.8297584334,7.80704906205,9.50267746852,30.7726948094,-12.3320483617,-1.961020814,10.4568072517,6.37689137101,-10.1210106453,3.18259084886,3.60981089142,
12.0738757851,-2.84288690408,-36.6062130115,6.06610499426,10.0483481338,31.6070996174,-8.23616070697,0.39151760242,5.3654779053,1.995973799,-4.0183755998,10.0492244232,7.71624065522,
12.1176267032,-2.6677696855,-33.7691381971,5.14605134276,10.0454908527,24.2754108056,-12.1557223713,-0.157431936965,6.5056334586,-1.78645258876,-1.97850791221,11.0175917727,7.34592249863,
11.97331993,-1.60495463139,-37.0249622106,5.01392590747,6.07553089405,21.0449774512,-13.1473068132,-0.0901147007504,7.95208693948,11.6143424966,4.56797682353,15.8099439108,15.391395748,
11.9405201529,-0.161553368197,-35.3830323305,3.21929676898,6.86458770716,14.4729039592,-10.6158435169,-4.05708844394,10.2515506941,8.72228056175,1.67544378961,12.6874318894,10.4844159386,
11.9264747621,1.44585551931,-37.5450712036,5.62481232204,2.52120741969,17.626148297,-16.0284728606,-4.22952739992,14.843491817,13.3068579838,-4.38175786551,3.28295202426,14.877703761,
11.9386580961,-0.30414239614,-33.6487485131,-0.671120706519,7.48265619801,23.2693110484,-7.34183854168,-6.67344946966,11.17095886,6.30854444053,-1.63834235475,8.40791285816,14.9232851249,
11.8398886772,1.46092506921,-32.5444877435,-0.179105733623,4.5398375903,18.1866491059,-12.6676934679,-1.78937104725,19.0751755459,6.94772712177,-3.35762711566,0.978860972036,10.3308128154,
11.6695623615,4.40822114079,-35.5195545198,0.245272672547,1.40751772826,22.6990322255,-9.3111548887,-3.77407796336,8.99715615232,-3.94098297079,-4.29096733245,8.0946016239,13.1085300988,
11.57339307,3.61420425432,-35.2619326052,0.340698869379,-1.89396629068,21.7072148606,-8.36272000073,-0.226406584032,19.9704080749,4.34965352241,-1.99893540116,5.48984749794,13.0154165338,
11.5514441327,2.96153186343,-38.9149246335,1.32444738302,1.34516678409,25.3766389457,-4.75414842647,6.90302029644,11.0096843491,-2.38583926968,-0.249721665814,7.76393879336,10.0151334788,
11.5636127566,5.81663288772,-35.5378385454,2.73031031964,1.42979432013,16.8804631324,-7.94244038675,3.54406553721,7.05962315557,-3.01181309342,-6.98276459017,4.01946182945,11.290810408,
11.5097877242,4.17931055169,-38.479720787,1.93506370311,-0.0773457293248,14.9012161145,1.80823209368,10.8264299132,10.7483916911,2.4986741906,-6.69615620196,0.777996426647,12.8300700088,
11.3578807276,5.90522799303,-35.1966401665,0.644425193061,-5.07712425557,8.06580948682,-1.01870703065,-2.73731785433,7.46748442756,2.47624321367,-2.12325067405,9.45781985639,13.9935583773,
11.1217587812,4.86381234167,-30.7244486268,3.46799211089,-7.61146919962,6.05886727334,-3.92767129189,-5.36507370608,8.28512931722,2.28472407661,0.212024607934,8.74107386844,10.5421361365,
11.1906397663,3.13689647449,-30.686439026,8.35258100226,-1.63133005244,-2.06208086495,-12.260195741,-8.66848636562,4.86507103999,3.82177298512,11.3002842842,13.367724723,10.6418391833,
11.2549758795,5.74876260662,-32.6982765251,14.5854531479,-1.38224694491,-3.56635180522,-14.8425688774,-8.17581927225,-0.532787702206,3.89608492874,10.9557836142,9.96085822364,10.3725996122,
11.2013982987,6.45892362931,-32.0920498032,10.5780241029,0.396127698722,-2.75073177876,-10.0306823066,-10.8124882248,-0.943488333617,9.32779694945,14.2273577908,11.19453434,7.69832493516,
11.2539620357,6.97909652584,-34.8009420197,6.41208374386,0.0499387796696,4.8156911118,-12.0899977355,-12.4201825408,-7.7776155721,8.29980453966,13.3900262997,14.4426374482,16.3628508719,
11.1597488943,7.53129724122,-34.5749867311,2.55889523168,-6.55645705352,8.89133715586,-10.3805487583,-11.7293971296,4.04828948151,11.0384024263,5.74048460482,19.9937939704,17.1679332179,
11.3474775677,5.28697313008,-33.5542389277,1.11737765781,2.31330170663,12.8948804185,-13.2212861402,-9.90315715503,1.02042591474,3.43942695229,12.261144863,22.9289379281,15.0887965954,
11.352733815,1.94023139657,-28.2710476468,9.10448762173,-0.656851511255,10.8199833528,-15.2687650482,-15.4655229496,-2.55796062517,-0.0498097731008,7.24527175167,13.7172472721,15.7304099085,
11.295838316,0.381699010962,-27.0792593084,10.7337326542,-2.7596897227,5.61925417652,-20.0298547523,-14.5873811178,1.36384825617,9.14336958082,10.3273826728,12.1275350622,21.0627936395,
11.2809656634,1.91647141499,-28.0172389833,8.85061810692,-10.0298245654,5.87431017488,-18.7859022454,-6.98924288019,3.25896093329,12.7442117219,3.49737921447,13.2915521441,25.0621279178,
11.2153959963,2.02272905138,-27.8334063567,5.4797585512,-9.50772717282,5.66525697509,-16.2534934735,-3.98420649153,-0.0446301522426,6.887513672,4.03902526265,12.865008568,22.1912783296,
11.0906033923,4.13218497523,-28.986802336,8.20385507134,-11.9213923739,5.87840239741,-15.1362131155,-1.68248751081,-2.62851464365,3.97374149868,1.45578858043,10.4900993873,15.292933218,
10.8934996079,6.19593560923,-26.9106773451,12.4497480988,-10.5516281669,-2.08144381248,-4.75657332974,-4.43608073352,-10.1898701366,-5.18673712043,7.21477937196,11.0932572072,11.8345189816,
10.904915322,7.51735765822,-28.2837574353,14.2579940006,-12.6146131393,-2.48427762117,-5.63477564253,-5.98851713157,-9.85064165408,-3.80447339463,4.73655755604,11.3563352824,12.5353715964,
10.8811616576,8.76727060315,-29.3202070449,14.2374873632,-9.74263691319,-6.01383416522,-6.95545938729,-5.2953217851,-3.82378512508,-1.09187172096,2.49032106435,22.1179912193,18.7302942935,
10.5603192357,10.8677233299,-24.5878057875,11.1705442379,-2.7480315699,-2.94810647511,-11.5564703354,-3.85938608186,-7.9786542074,-19.4403761058,-1.16808534592,17.5556308787,21.6341096864,
10.5182646786,10.0185017526,-23.2008580428,12.2660915421,-0.106048028664,-3.46430113966,-5.97986799689,-8.14937607288,-12.0438929531,-24.8925561376,2.23252025626,15.567695043,17.7103749689,
10.5618337849,10.9507657481,-28.4939310029,12.28722002,-3.58371457994,-1.28178449244,-9.29794599758,1.00774314336,-11.29477873,-22.7508012664,3.52899562886,19.3121061877,14.6452480139,
10.7649037759,7.7710604325,-29.241782829,14.2157850477,-5.58899163928,2.34213108434,-5.14875557079,2.76332688263,-10.9980253109,-24.2855043062,-3.97292993552,14.5583006353,19.7223124427,
10.8784459305,6.68043183723,-30.3881549481,14.6520886025,-9.30367968074,4.31541359638,-1.74873905657,6.21945239046,-10.2743412712,-16.515144855,-6.29201159258,13.4783068809,14.7613827029,
10.8218381382,2.18425266432,-26.3680071435,12.0813083435,-6.2970563836,2.98742463894,7.29788028788,10.5402652127,-10.1531988757,-14.0430494394,-0.2513987914,3.73769621277,12.0442910463,
10.721867548,3.21397528368,-28.9436111183,13.8045850322,-10.9024689623,-0.899208199732,1.91051029051,11.0822760019,-7.34090702929,-8.1460193203,1.15621284823,2.66121254413,19.4128072896,
10.7407135705,3.77643384666,-27.0504279653,13.7658363101,-9.44319967896,0.144094009546,2.92096462694,4.53003096838,-5.62097196575,-6.16545413632,1.02814606305,6.36702220523,21.0645317704,
10.7809415882,1.515650618,-24.733220162,11.0060255496,-6.79037179512,5.71487228133,-5.47563870065,-2.84595882924,-6.29859786378,-1.59614944394,7.2452585186,15.0962556017,16.1668497811,
11.0279949867,2.32436007193,-27.4288038081,9.47380606669,-9.09543466121,5.05155433818,-5.92544799388,-0.69170756296,-2.20640821507,-0.532210898099,3.07607553473,18.7781118039,14.8133584803,
10.9812597875,0.163126895778,-26.0164662433,7.71579305984,-9.28216595311,4.42378957141,-4.57611760409,-3.59719803192,4.28574502616,2.5179834086,4.86370642549,21.1511159364,19.1813077748,
10.9966394139,-0.553021031081,-22.5525919835,10.4768995422,-12.283622749,-1.61055940758,-4.17222703359,-3.50532802792,2.5956020706,1.12664208255,-0.0746947336182,17.9387675111,20.8581477376,
10.8755543327,-1.48151709744,-21.0661050535,7.61741564813,-11.2477190746,-2.51711163998,1.3785478062,-6.29588358739,-0.17435021807,7.89524850901,-1.25010349022,11.6579600902,11.0752219086,
10.9622600689,-2.11592280033,-22.0851669854,12.4034074258,-3.64201919059,-3.77924149044,2.75568669265,-1.42606256179,-8.6665656324,2.67890431182,0.656615968142,6.29101365829,6.95316890855,
11.2621464277,-2.40336573707,-24.0658660983,15.188805958,-3.37298040143,-3.20695444104,-0.315376441986,7.41305195025,-8.73087718826,-14.5167656722,-4.14578512142,8.11885479046,-0.730501631167,
11.7920994069,-4.25167194237,-24.5024018725,16.5195594998,-7.7603790036,-3.13413505755,-9.83679271083,23.217751907,-6.37769838545,-18.691344935,-6.59121497589,10.3816172901,-0.0464168168172,
11.8487090203,-3.61209518033,-24.1479334328,16.9160390224,-10.7417140713,-3.60358788942,-8.69891329892,21.6436507271,-8.71315031169,-15.5741547373,-6.13917355224,11.5923631619,2.81558098411,
11.5591286606,0.0758165911327,-24.0383638064,13.5836775832,-9.93946338392,-7.24775026103,-4.53402011434,19.4181603652,-11.4654506458,-5.87615327163,-12.286748971,4.21164932792,1.4480181847,
11.4179892316,1.23687725133,-27.1633368225,9.6391785744,-9.90121535907,-10.5541221574,2.73673459436,15.2865886232,-14.3035421934,-4.42502144177,-5.38780411834,3.92361121534,4.23254239797,
11.6543986305,-0.0198073496572,-27.1245225574,12.0514554763,-7.21808412118,-3.44602447496,3.60588626361,12.0019806314,-22.2667874247,-7.8452963917,-9.1198107365,10.4436541892,-7.93967065566,
11.8464867867,-3.67517736895,-25.1997787668,17.1506049281,-2.41170724031,0.632757396896,0.122373946917,8.88435114893,-18.7643586807,-8.06953984716,-10.8714929112,10.0753887982,-8.4344192867,
11.6967543222,-6.13205638045,-22.4666042091,18.8503712043,-1.62417984855,-1.46655644265,1.41484101019,11.2284484498,-15.1426316706,-12.308727862,-12.231190144,13.8441865023,-8.42510190776,
11.2916051986,-3.98403897954,-20.1560693896,21.2731143547,-5.63402184646,-1.01533805303,-11.024601827,12.2189268673,-13.3985455113,1.11074321008,-11.5708740558,13.1103588389,-11.0733054685,
10.6706139793,-2.45786989469,-17.1803395861,21.6776549337,-9.72449296063,1.01273270425,-16.0733019681,8.27090065064,-13.5568218941,6.30455088504,-6.94392306646,7.55423860539,-7.87844609136,
10.7337338806,-3.65032538543,-17.5469880516,21.2866381781,-10.9955784769,-1.24306576227,-15.2572191317,6.7891826707,-4.75057213931,11.8283548217,4.05717913262,8.44735118873,-6.6593015718,
10.6530251569,0.192232597548,-20.7588459915,19.523785029,-15.1658482214,1.9224710078,-9.40918440508,5.9058736619,-14.0104425799,9.39104143783,-2.33095307883,16.6014198709,0.431515893706,
10.5973297833,0.585622477667,-21.5167433089,13.4180098739,-9.18622807748,0.572107927946,-7.91638973097,2.08088264926,-14.8249516324,7.55393655571,1.9128009102,13.9290660227,4.41832978693,
10.690084787,2.07506312953,-24.6544714667,15.45892334,-8.29586977066,3.60092676978,-7.73475953199,8.26794701608,-17.7201412866,6.04479626516,3.05696131317,16.1575395958,8.12212395229,
10.6587283811,3.07219139064,-24.216848846,12.2943404516,-8.96893231962,-1.09902207338,-6.17323752557,3.87412564624,-8.21209190963,4.89720870182,-3.6673609744,14.1521570777,7.4484512272,
10.8474649072,2.15094153078,-26.6710566703,13.0369023198,-2.36177864698,0.181322710322,-4.13444822232,6.23370636041,-4.32084961824,0.801312626673,-1.43142811926,17.1665690777,7.09644337114,
11.1791573467,0.761298108704,-32.8582955212,11.9551997488,-0.574264748107,4.59240787875,-4.38746027374,12.6666907954,0.182687355194,-5.79084393661,6.47270628008,16.2509151311,8.33345386389,
11.4835012369,1.72941757784,-35.5613690171,13.5820145155,1.7443477348,5.97651781391,-5.32779560503,10.5452741777,-1.77516745949,-4.35633984668,5.59708474284,8.22099819815,10.8345588287,
11.5371593845,-0.831979413663,-35.5564915122,12.5610404048,-0.830004451805,4.3139577785,-4.02139914955,12.8089778858,-2.70380921653,-4.51748766493,3.14253714331,8.31862434288,10.4226240509,
11.2286338189,-1.00007531717,-29.0954408205,12.458521246,-3.60675946665,9.46852423126,0.982835125656,9.20420168631,-7.95150020293,-7.00809154851,1.67073012611,4.2611130591,2.37158497964,
11.1953893861,3.25750739369,-30.2144919431,14.0355173846,-11.4811083499,2.68102335247,-5.87008121822,9.02832109388,-2.93055141502,0.384872458167,-4.32686007436,4.02967551959,12.3224645726,
11.5916899243,4.21640923757,-33.1817090956,14.5633982849,-12.3269919753,-1.24539551681,-0.461886004985,12.5673032671,-0.456905274014,2.24937906975,-6.15305940934,-7.29167680279,16.4120353102,
11.6905687806,5.76956800896,-34.0761502067,12.3484202733,-14.4917457483,-5.34795747122,-2.20991445963,22.7717718862,6.8027657622,-0.256373396137,-13.6459235651,-10.914240254,19.7403168701,
11.5346117228,6.33249234454,-33.0297200508,3.26520259826,-12.5274735327,-5.89930115319,-6.86570888155,27.8268906116,12.4067158289,-0.561194084561,-8.03769017631,-7.94531038808,17.1065993602,
11.3477028382,6.53584572004,-29.5663347422,2.80055387566,-9.52048458355,-12.0358810252,-4.10765907134,30.6472892197,17.1851229856,-0.167219470396,-9.14440395202,-8.45454229431,6.55391165493,
11.4225071312,4.00163567191,-34.8655969622,3.33870546893,-9.34426618407,-10.6123380358,0.257209008315,28.1952735431,22.0790838441,12.4089344064,-9.84198360548,-2.81303430122,3.68063989137,
11.5255074948,3.57784659411,-34.7558380743,6.65250456609,-6.62155213934,-3.81640479918,0.102406228864,20.4607715027,19.1757563895,8.35957485975,-7.50363967496,-7.56567575621,1.46098439643,
11.6397356789,1.38959893664,-35.0495808824,9.8168190388,-5.61970845247,3.79122038063,-7.66344269019,3.91758503197,14.0590677054,11.4964860795,-11.7911199789,6.93258934946,2.51854935759,
11.6712941257,-2.23242512075,-31.9153484134,5.70986337621,0.0362149243009,7.05936613643,-7.39606965272,-0.243548386047,11.3196051379,8.85917344039,1.31094177717,19.1122499447,9.62318774371,
11.6529675693,-2.5103553475,-35.2427282105,7.92008027665,-1.86814264889,8.85372312264,-0.341980564767,4.17906352061,3.34170078306,7.50238156632,13.689382148,26.1342704858,7.37666459268,
11.8110400112,-2.79690983234,-37.2182030479,8.42489823968,-4.89182155124,8.85392038467,1.42113903939,7.67595161786,-6.44755266907,10.9360092343,16.3391941562,27.798526414,3.42809171658,
11.8891697991,-1.78716360477,-36.1372511404,10.9282319489,-7.44526188378,7.87730512219,-0.169249315748,10.350854581,-14.0066975359,4.95103035795,21.5636628602,24.6237390625,-1.76440865806,
12.0120019694,-3.03993824287,-34.3413006201,10.1983682073,-1.05121190891,6.69333318109,6.29007763046,15.9060702105,-15.7027658842,-5.24943556907,17.4782546818,18.8558206465,-3.20726495731,
12.2086726938,-2.60314789017,-34.6029794841,11.2673159652,3.73017876251,3.55910552463,4.86701801491,22.2769642897,-19.2682331727,-5.67386258586,8.63182915807,21.0306431376,-0.237877036116,
12.3248088082,-4.59517083552,-32.8320758952,6.02623098824,6.01936911547,-0.939210454194,7.06642148914,23.8479417398,-9.53509767955,-5.29426122738,13.8600244825,23.5724440042,-3.21022344285,
12.3837094739,-5.14520111644,-32.9142674406,8.38638074709,6.31861842161,5.15801680815,5.54120018189,21.6159727613,-13.1316462705,-9.35640529629,13.636319194,22.2380353961,-11.0659480454,
12.3264154673,-7.76245992594,-35.9122813167,7.29559206712,12.6290471203,7.97496178593,10.9943701984,23.2507214498,-5.10555130187,-4.48814318128,17.1753047915,23.5836776522,-10.6132461016,
12.2202431754,-7.37285690632,-35.2139685533,6.25158299835,12.6846935106,8.03010576649,6.72510720611,15.711300816,-1.17121772674,-4.95046926661,21.8946883361,19.8280430269,-10.3312614023,
12.1908851437,-7.27764153561,-34.9477829296,6.39689292847,14.3822263449,6.24519255241,0.20641569457,15.2745483401,-1.82051521344,1.41329748722,20.18277746,14.1803235929,-10.5227706325,
12.2396144305,-5.9178454106,-36.850757266,10.8769602953,13.6474339335,3.57279429036,-3.58479865639,13.8091412931,-0.550510932152,15.4692528315,10.8749067722,16.139244606,-2.82819150699,
12.1459675312,-7.86868037151,-35.3797283263,10.564790981,11.3421681776,4.09213635294,-2.37219564078,6.79190453044,1.48593946241,15.010943657,10.7875810161,15.5120135336,2.26880063192,
12.115366827,-3.9517819033,-35.9787735431,12.8902399411,6.79780967798,2.51054710481,-10.8026080489,4.80856436529,5.42684230357,15.868945417,8.15635427875,12.2553532669,-0.674674586198,
12.132821997,-6.13499680974,-33.9745878864,11.4618868464,13.7706995684,5.23927678663,-13.9069207209,4.29886885364,8.10830052409,11.2504799167,5.35466659747,11.5175122777,-0.347916997637,
12.0994998837,-5.18578557853,-33.6328550522,11.2907385563,2.01544490976,-3.56326379561,-21.6621980294,2.49205049865,14.2291913841,19.5459875108,11.0087359576,10.3884455936,2.66335727758,
11.9496980001,-4.65263447516,-29.9391141036,7.74721837714,0.0254881914607,-0.748674912059,-19.0664621126,4.16846145007,16.0901991497,16.0728019985,11.5845588526,7.15675991992,-4.23390663771,
11.8565926335,-5.50997514012,-26.4994641697,7.05147456418,1.09271533108,-0.28697261707,-18.9560529956,4.50454351883,12.1634417926,14.3596905125,5.64688000682,1.23236302166,-3.5117286206,
11.8122944793,-5.84247748791,-27.0100904606,7.27344509211,5.51046006116,8.03982599979,-17.4109309879,4.07465471735,16.5159272051,9.43945025201,-4.54630662845,-3.40001717574,-7.67633501448,
11.7510255291,-7.94592795453,-26.9046266496,11.9613364291,12.6870206119,10.5786565317,-16.9623011187,-1.94896883766,9.75265540316,4.59504108164,-10.0981838744,1.09697876817,-5.87962766567,
11.6741564226,-6.85818999775,-27.6734712803,13.66827204,16.2143055053,9.65315745929,-18.0510739406,0.306180847405,14.8533729406,3.78599280977,-14.7997396537,4.17854862218,-9.01646527883,
11.6719845472,-5.09679349901,-32.3569857445,13.782004998,15.6230761932,12.1574466653,-12.8799778144,1.51322122845,8.14345857705,6.92541260751,-13.0581607475,8.84343837451,2.55044407023,
11.6917223524,-4.75189821528,-33.093922391,12.7087101979,9.07173860605,10.9975219972,-11.0516008374,6.40642429145,13.9418183033,3.78354921776,-10.7082663456,8.33051411764,-0.592822444562,
11.7777899995,-5.3349417929,-31.4478364547,10.7959489283,8.57465568789,13.3221521902,-8.40929816564,4.93941005202,13.6210492594,0.321802203374,-10.0931696338,9.57409005631,-2.88608198115,
11.8174895785,-6.57169724206,-29.4191128733,7.89311893248,9.71835377205,14.4927142325,-6.34869416394,6.33054356107,12.6558161651,-2.64965223948,-19.1054029322,7.4392301077,-2.4023571792,
11.7937021847,-4.62104607544,-29.3892337509,7.90972001357,13.4334740065,13.8114230163,-6.53251999262,3.27107305542,6.50888794354,5.71202762496,-11.5559938366,10.8898696821,1.18412695539,
11.761012452,-5.97968964547,-29.861465564,8.52029658946,14.8728862128,19.074114005,-12.5299118203,-1.14279843912,7.3289852826,5.80092178312,-12.2289281156,12.2953825076,0.728161855668,
11.7885755975,-5.26315641491,-31.7893175734,8.97885728864,14.698309464,23.6250013748,-11.0801764684,1.95140076576,9.35621263982,2.23424229789,-13.7188948074,9.40981089729,-2.38876367816,
11.6426915923,-4.58575791408,-30.4941203009,6.37664441035,9.78082134323,19.8350680118,-8.32793071096,6.03003714338,20.9425050909,-3.07871209641,-13.7052191875,17.659261147,1.11801376635,
11.7810486951,-2.43537952596,-32.8169938474,8.29084943905,9.07634314074,15.3022004418,-8.81249896733,3.92881180849,16.0269905911,-4.23186839916,-10.5151375499,14.7976396945,5.90932479379,
11.8063436339,-3.41927397397,-32.4555433586,5.72810087853,11.2984493125,15.4074759238,-3.99489059536,5.80829490261,12.7746103256,-8.87447541561,-16.0878065911,11.3957061496,7.95609491703,
11.7910246408,-4.61852078889,-33.9683764956,3.83924716455,11.7687774064,22.6204109103,-1.48078057949,7.88430219406,19.5565087114,-8.0088443797,-12.2718712249,9.97207289331,0.240636103861,
11.7481359398,-1.49256593813,-30.9841703766,8.28814290101,8.10232699637,16.4790626741,-11.2363243438,3.16156376618,11.3847648351,-3.04815565067,-12.1551436541,8.99847539236,-2.60863592889,
11.6552390166,-0.979173811632,-34.151994858,6.84843108039,5.86790588368,14.4894381207,-6.86503205423,2.07250580644,12.0722730486,0.662871400834,-12.4898480141,5.41845339758,0.976143745793,
11.4221702222,0.213616180924,-32.4993700892,5.64106817472,7.14272380594,12.0054121185,-5.52020703348,-2.11819565445,10.0073301787,11.3573219536,-4.30417968281,2.83870922005,6.68347398316,
11.4250158941,2.33934980682,-34.8323105136,5.53707981786,3.01941926554,14.6974483737,-5.48969730955,2.10352795545,3.9352680562,9.45977546134,-0.0202812429261,4.12081481378,6.27190940999,
11.4515182777,2.25150528804,-34.1078007172,5.28927216304,3.3782164858,15.2131827096,-3.18429224635,-0.0247758634948,5.8818001282,5.81580859997,-2.12133193215,-0.299191581722,0.384412645918,
11.3503525719,0.0578176175659,-33.3819636956,-0.416033971345,5.39700835519,11.5428846421,-0.905059176682,-0.514033457513,6.65076083801,2.15694519232,0.942079157505,1.01109602166,6.92158412364,
11.3200049927,2.10112330323,-33.4327130222,0.227639784418,3.34878114707,12.330805306,-2.65965653989,2.23636598899,5.72144619715,-1.31501487402,-0.332383341462,4.99976296891,5.34057603353,
11.2504225473,1.71175003404,-33.288198319,0.411700143534,1.2859520473,12.11291866,-3.47679772937,10.7105456476,6.10090251985,0.898387106963,-4.51502625674,7.45304638292,2.37206664957,
11.1437228428,1.17618730608,-29.2323322224,2.91803268628,2.12441095443,10.0650158615,-5.40414871481,7.84752031387,1.68269871479,-6.47524042107,-8.11477680825,3.42563055537,3.48517186394,
11.1561722373,0.329275286587,-26.7131609984,1.50145236398,-2.70200610549,3.0989089539,-8.54018281423,2.08965882859,2.18207491928,-1.09346838827,-7.43443272996,7.25224128296,9.2139283433,
10.9602394552,1.31007955768,-25.22607984,7.83729895334,-2.17161670483,7.28437688229,-8.09438584005,3.40852535336,-5.4535965184,-7.52078388477,-15.5445314703,11.1367349892,7.23475269577,
10.8458666779,1.31947670077,-21.8855289393,6.62163017486,-1.8606250086,3.12061729582,-8.45166619675,4.3219387724,-5.32346474787,-11.3836851283,-12.9580100066,10.6069315959,7.51451093218,
10.7043241444,2.97370362284,-20.4513471853,11.6596957235,-5.81786091458,2.94521900399,-9.90295165669,0.0298484122895,-6.36616125716,-2.24978533669,-14.9762857356,6.35842722154,6.1402100331,
10.758697563,3.83267122363,-23.3455889648,10.4346199581,-6.46495689031,-4.64274936535,-11.463872645,1.72314102717,-7.13405832947,-0.417206902894,-6.89471316929,8.53971860067,5.74007595577,
10.6892989948,6.56822594523,-23.2078211467,16.6115815951,-8.19619077594,-8.60375526588,-14.4805492957,4.75830956597,-4.48507946684,3.22607480639,-2.91567039841,7.57111241904,1.42531611783,
10.6191854952,2.33548018525,-23.0586351535,13.8301191619,-5.25067193058,-12.0436642749,-11.2968921523,4.94667005106,0.397737350285,6.32565798629,14.9504589804,8.66528979824,3.35567791483,
10.4555087325,3.19410023771,-20.4089540829,16.4292729746,-6.43194400067,-3.39646009867,-10.8024367467,4.00497339759,-2.12983604314,-2.48936530658,4.39731376384,-1.70436087454,-2.8862208313,
10.3847807919,1.69776736903,-18.1753969598,17.8652233888,-4.83846923933,-1.51297023278,-12.4483285462,0.619706222214,4.27563694487,-0.408685835038,-7.9083471928,-8.2047873891,1.26080716037,
10.4491646508,2.99961631082,-21.1838769978,15.4982359594,-3.54912816088,2.6662868158,-6.62982353831,4.03768130232,7.88530781752,-1.6357160656,-10.9367291805,-5.38498923785,1.45212636572,
10.4532179643,2.32791136215,-24.0707739547,15.3332464221,-6.01754527746,2.4641983239,0.296030268742,9.81250597629,-4.23914486008,-1.50680330966,-12.8755537595,-7.25864102247,4.00573102157,
10.697437745,4.31647850968,-26.4368929549,16.0492086811,-7.97387535444,3.62080453242,-1.92296314519,9.49165665146,-4.62867775944,-1.7545544739,-11.271867488,-9.231427906,2.83154885142,
10.8706650224,3.12875686896,-29.4359914686,12.1066860466,-6.73772895395,4.18360879008,-4.14139922921,3.32697261081,-3.0314770448,-3.12008543969,-6.74557813763,1.73619878086,9.63180798528,
10.7988401633,5.20639467314,-31.0806254377,8.06281637288,-9.02911256293,11.6723097969,-7.34497319795,5.07551272301,-3.29574434156,1.9793857993,0.844740790409,10.5830008511,11.3017757225,
10.7547857733,6.31957943498,-27.3892237964,5.13529274495,-5.67608269258,11.1608236604,-1.79623357356,7.29807672569,-2.07519225417,-9.17909670485,-3.15699190546,12.4448608683,5.08461521352,
10.8182736091,5.20365649575,-31.025561822,8.0128491031,-8.65673103512,9.76946320589,6.69065438303,2.66967678884,-7.16626839332,-6.12229364806,1.79169057305,5.32055826824,8.20154505809,
11.4959056741,0.544730176401,-29.7251831382,14.4478490653,-4.67036662838,4.94013914821,7.67392323762,6.61400015085,-7.02690071555,-8.6094311882,9.03618264347,5.17736385969,-3.01987971702,
11.6408235009,-1.84485012387,-33.1476638339,15.4885723544,-8.47418239367,3.86669266757,4.25780046577,11.6940333359,-4.12955575788,-6.30014487271,1.08278752045,4.27559590131,-4.1016987449,
11.5426407309,-2.59078933222,-31.8096114644,16.2691691098,-5.55326518239,2.55002171418,6.50601337406,11.073301062,-2.48248107804,-4.93522599211,1.75503292187,1.29681962772,0.892950137034,
11.5793977683,-3.30042931597,-31.2462924224,16.8749245132,-1.153455622,3.60543078032,12.3509482621,8.62922563435,-8.40626032921,-0.574550201033,-1.58287415393,-2.42701750347,5.10004898164,
11.7442840272,-2.50442334672,-26.9464377239,15.8368276479,-12.7019809531,-5.54666766717,9.35163965054,4.55138789045,-15.1759749897,0.626882341993,8.3096834061,-3.56801125953,0.346712526192,
11.7387133932,-3.16837983435,-23.5598380873,13.049954147,-19.1533039037,-8.75156730112,9.93567605028,7.44339627214,-11.7587109512,-4.39665989054,4.91990488741,7.11790669459,-2.94874960052,
11.7977401109,-4.29886982866,-21.805724817,9.34788978758,-18.7014421356,-7.11882944254,7.80619035511,10.8981954237,-5.90402610363,-6.9122675028,-1.88011206958,11.8672015243,-1.19904858363,
11.8063332316,-5.46857369415,-23.8524659448,9.18019655089,-20.612344602,-3.63897404589,5.04119908384,13.9741536511,-1.83875368328,-5.71052186281,-3.59099652997,17.3677159537,3.04294700593,
11.7253248705,-3.92908352688,-24.8093033985,9.23293172727,-16.4916482327,1.47608544739,4.16955968353,15.6240177859,-4.93445385917,-8.28060368395,-4.57510352717,17.5705596773,4.78146974122,
11.4184438119,-2.63559520068,-21.3765261991,10.8381839125,-18.1370075462,1.20294690065,4.29295267504,8.71016401096,-9.92082330185,-14.7915073615,-5.18540992727,13.292964249,5.27210369844,
10.9460811781,1.37780416254,-21.986200454,17.2507324019,-16.3780392629,7.33118798455,0.112171135192,12.7335485257,-15.4939018869,-3.91309367491,-8.86071801307,-2.07788362615,-3.60935287432,
10.61903127,4.86114335132,-21.6798842836,11.6654054979,-17.0153348441,-0.21086006239,-0.468952312867,8.4584174673,-15.5177047699,-2.04621348321,-5.75942015082,4.31153400128,-2.84646812917,
10.6846344789,4.96643737815,-19.9685032403,9.65074064911,-16.9224689793,-2.53951633363,-7.46824153262,6.78210851541,-17.9825211034,-7.76482520416,-2.37469989273,5.40963782719,3.76753532715,
10.7022641056,5.11719874379,-21.1638913758,11.1801244323,-14.2300094636,2.2870169326,-5.94909033943,10.7194385556,-17.3123799937,-11.2567146211,-8.16809118055,8.67003119823,7.71350920233,
10.6305593466,5.98723103721,-20.5492620496,11.8865132691,-8.4862346455,-1.21547626852,-6.13283156873,5.79332536165,-17.5516321738,-15.9160912513,-0.573708399409,12.245552996,11.2794793164,
10.484450895,6.93002676464,-20.632114632,13.8144748549,-10.2657855892,3.6901548513,-6.88190822603,-2.49776775723,-14.3007856071,-17.6678398868,-2.03373337207,10.9328103569,2.57135099255,
10.6502119859,5.66390395068,-23.8787282936,15.6478165335,-11.1152428626,2.94259992948,-7.39435802124,1.31731597557,-11.67721275,-19.6635550199,3.79152145188,15.3144170259,-1.52237122395,
10.8194020853,4.39491144491,-25.338221247,14.4627860269,-12.0340767986,-1.12749397959,-3.04121541711,2.62608699251,-3.76408184683,-15.0011060642,5.96787729987,21.0127994217,1.24108471451,
11.0234004873,3.848061991,-27.7842494032,13.1564768169,-5.50808926675,1.50648735211,-2.52894345308,2.87769423138,2.58258642999,-6.99898692814,7.84761592722,19.9776751542,2.04114709058,
10.8552284843,4.06012350608,-26.2812032222,10.4517669759,-7.22630030881,-1.48929950831,-10.6249285284,6.98003948895,4.68078473766,-8.40734640914,4.56701715652,13.2007829041,9.19025350572,
10.6628826188,1.50574957196,-24.2213301021,7.14339660708,-7.18683032993,1.99718058833,-7.8378598342,10.6928567088,4.10620000303,-9.98226451849,6.77094931662,9.54549054364,10.852143148,
10.590489559,-0.454225799418,-17.1791941396,8.59043471664,-8.20317631363,3.23910441448,-2.24258036301,12.6936178035,-2.36184460964,-24.9297566008,2.32439290382,8.53866535254,14.0466625557,
10.786029253,-3.08484981913,-18.7697704158,8.89699858396,-7.83782471465,9.84630063669,-1.30438184345,6.78680642346,-5.934397619,-21.2958725341,1.43211407599,11.1783198318,11.0751389899,
10.8696416415,-6.38319418991,-17.2918225111,8.02607419312,-4.67378245005,14.1456335222,-0.443553175533,1.99228978007,-6.3887043066,-11.9332073229,3.0899375032,18.3816243686,6.80135976539,
10.9516226769,-8.73071855031,-17.8583288234,9.33189028268,-10.4402403928,11.6876851352,2.07069231223,4.2858841272,-4.15643948059,-7.60156535897,12.2456577546,19.2713484876,11.7638525861,
10.86139778,-10.1871160303,-16.6966258655,9.93195885825,-12.0199208395,12.1195913948,2.21179345649,12.6410301126,1.86011643871,-12.9248707182,6.14838632421,11.5299148464,14.5250198002,
10.9537055833,-6.40679517247,-16.3529999086,12.7692773799,-15.0831961479,8.9596696094,-3.77988717138,4.74544664901,7.24111522956,-12.9096614203,-2.88986394937,0.362095111039,11.4988314454,
11.3331687912,-4.18254060593,-19.7357550535,16.2168109409,-14.8357198165,2.31733591097,-12.2474258312,5.59264951935,11.7871551526,-7.36154254065,-3.15472497032,8.6054952961,3.39681786346,
11.4793848193,-1.68790727724,-21.9200772856,11.60405651,-15.2947715759,-4.29004119478,-19.9319987174,5.55461524827,17.9659824719,3.59014030443,-0.470079061201,6.7269209028,-5.75411149534,
11.5137230304,1.17681214363,-23.3099387278,4.73534501424,-13.9299059123,-7.83999059861,-22.3604191344,12.2900419444,10.7824396155,1.50039214209,-1.20002088659,6.5727912939,-7.26809485559,
11.4082876599,2.45788001248,-24.3223341462,2.4298613823,-11.4264861103,-4.31604091648,-21.4432804728,17.1183034655,13.7526906347,6.59063918607,-5.31118444812,0.341711369167,-4.58377044179,
11.4040301051,3.07158710524,-23.9590336966,1.85116438757,-10.3514117211,-0.609091608066,-20.9777207766,12.8380307429,11.8418142115,5.30882541459,-7.57523522983,0.982470350545,-7.87439049097,
11.4473588646,5.16779475211,-30.1589285522,1.33427260381,-9.94813650298,8.37505158081,-17.097852838,14.7133507052,12.6072428793,3.44879707997,-9.65473109447,-0.660297918077,0.0936943078467,
11.5700463411,6.32319117676,-32.5836301512,1.7585295437,-9.14644609881,10.9463567428,-18.5875185697,9.94428870742,3.28437827423,4.5767280878,-6.06808794857,9.2162095115,8.34124292521,
11.5669656453,5.22020661844,-32.1642647824,-4.16135901552,-6.76133810166,12.4491047258,-4.42654892728,8.28449872465,8.33658673621,0.579380651348,-1.80661483327,7.10441792539,13.2794990155,
11.7831760708,4.81945044127,-32.0129983083,-2.28585231004,-10.6430863283,16.6852418287,0.258674913409,3.40923328238,5.53284259445,3.95764861685,-8.07188679577,2.88911277455,16.2420432891,
11.7188875531,5.4609174837,-28.1523440324,-6.11478616633,-15.3029454862,15.9215205507,2.93076664758,-0.773325788949,4.6798681617,5.55827554107,-7.44483704498,-6.43992656254,11.7585004192,
11.658961214,5.49191603294,-28.9705109783,-6.82212833743,-19.150880569,17.8551907555,9.07543663828,5.23931530496,12.1924961972,7.18792090484,-8.17543907311,-1.80825979854,10.4910391962,
11.6864286851,7.79534671426,-32.240592235,-3.28603765105,-21.6589316215,18.2081747483,8.99460900146,5.22530177642,6.7887677641,3.39757056312,-7.07627771904,-1.56911721682,10.2905543931,
11.6880044362,6.33315673685,-29.851202477,-0.960162614652,-16.7643744236,15.7967966687,12.137390409,7.19940440712,7.51800121093,-4.93307019726,-9.20812088831,-7.30908362264,10.5804453073,
11.691785454,5.48405851567,-32.3078280359,-4.65082070129,-15.6903244368,16.7667501112,8.58805962551,12.1678064528,9.18407069705,-1.10583304529,-4.36378541196,0.460134577991,14.8563556212,
11.6704773201,7.15166068355,-34.0420122711,-3.47507957477,-13.9964026958,22.6010226556,11.4767461113,9.87248613526,2.4642802327,3.39618835458,-12.9220641653,-1.14769170904,14.663074174,
11.6798037181,4.15154117715,-32.292797289,-8.22550595355,-11.9162506146,17.5933759468,12.1736505603,1.65643023987,5.40596064277,7.75062820301,-6.83628880844,6.77825249707,17.4321434915,
11.7152495452,6.6757022746,-31.9658173136,-4.32923303573,-10.5561758203,20.2322012302,10.9185797063,-4.12608832371,1.1402691401,6.770409397,-8.71188563234,3.78504826147,21.4543721405,
11.6962921005,6.02493936343,-32.3266496941,-6.65688555287,-12.594321007,16.4219717622,6.13276527277,1.46777346129,9.10388267086,5.09987102593,-6.85640546246,3.62709097352,22.2426456545,
11.6963314778,7.33565280165,-34.6881138709,-1.82671466663,-15.5435773595,21.4213463666,5.40144959589,-2.09317868719,5.20446749203,6.48451147162,-4.31290972811,9.44530187009,18.7470012337,
11.6275775586,7.77825605511,-34.8729414832,-4.05035303975,-16.0936007665,23.436306805,5.68915621919,-2.7560711644,7.40691823224,4.46084794701,-8.78464667436,7.73549846268,15.1490212099,
11.4435935535,8.00568971057,-34.3946863748,-4.25100968403,-13.8493816552,20.8092582279,8.8085072067,-0.617450474835,6.55997794699,2.56959611387,-2.20464145451,4.22683370331,15.183861141,
11.3725218572,8.18777169876,-30.8993570274,-5.16331251875,-10.8723409409,16.3711787617,9.63768439528,2.49676206999,9.04273873953,1.38061972068,-3.56544150799,5.2156647507,7.89953479797,
11.3460475196,4.81823657432,-30.2940168518,-1.91792009815,-8.93671425054,19.8938517171,4.02254882235,1.89821148072,-1.5417892775,0.381943150742,-8.90905993258,9.40981880705,3.37937487774,
11.4252761396,3.53167996078,-27.0042847677,-4.88625555932,-8.29256716982,19.0073519647,0.329684274786,4.3594638112,-1.83945203461,2.68184847081,-7.84709116309,8.20151115731,3.87097801215,
11.3633923227,4.45985866147,-25.5918914395,-7.52204242066,-10.5700801946,18.2669480167,-6.47039464861,3.64374934877,0.851436323987,6.9194398736,-2.09953981189,8.46206902394,3.53802611442,
11.2428678164,4.90795819491,-26.07138574,-6.09205722478,-10.992512706,21.1095923364,4.60177989975,5.69230021229,1.96239038541,10.2775216405,-5.33601756872,-7.30877594955,0.811563302244,
11.1170102701,5.42676966354,-26.7899088135,-2.81262621006,-13.1520263216,15.9704236385,4.6178058527,6.99218854966,5.17813299942,6.6781462,-6.75508665488,-10.2774998416,6.41991887677,
11.0771991833,6.02158445458,-26.5543836062,1.76671551219,-13.5466215795,13.4079548991,4.61253765999,9.52906511131,1.35784615081,4.1515627918,-3.47061678,-9.40303416717,6.68488330671,
11.017752633,4.72176817622,-25.8524251359,-2.4852856903,-19.5473938179,10.1592706326,-1.87941815188,10.289933544,2.90149591853,3.62928152379,-0.517581077433,-3.97649736774,5.39626246353,
11.0776587119,5.88506572048,-24.8715142436,3.14421713706,-25.118560174,17.0065400665,-3.720949841,8.87542603125,-7.62653114735,10.4808120401,-2.59134109826,-4.45072120101,0.603942363926,
11.2988334146,3.93368996704,-25.2251929402,2.06498131407,-18.9822651821,20.5079320753,-1.01314519594,7.85715634246,-7.10694719857,5.23512280032,-12.309868011,-6.96373807142,0.934362870314,
11.4051198994,2.73953283256,-24.6207066428,-3.1516764594,-16.8563348888,19.1767265884,-2.42947312539,3.17265048701,1.4798677095,6.21733925725,-11.3487668919,-5.43075388307,-3.49343470525,
11.3511552342,2.69342150627,-23.7384548521,-6.42611840016,-17.5043026353,19.3983084629,1.51439119317,4.73175536353,11.05146754,9.69701535379,-0.466969040957,-1.52704557118,-0.258852039074,
11.1811166295,5.56965506399,-26.2645810987,-3.19075405244,-19.035507447,20.9279668552,-2.25026572356,3.26775106195,5.51656977361,5.12136003581,2.45598224825,7.53023635254,2.9357171381,
11.022492608,7.52974966189,-27.3846271662,-4.04169292122,-17.7838346115,14.7811791047,-2.24648384991,2.02311941496,2.76565713151,3.87451808389,4.12603229333,8.95406545013,-0.223653324768,
11.1235072175,9.58977913725,-29.0339824709,-4.1472369918,-9.90411771067,15.7006800344,3.25051014241,0.943201359597,3.13221470673,11.5046461391,5.13849140655,6.97024687879,-11.0602214001,
11.3911044926,8.49699158525,-33.9795016392,-4.70397031956,-10.3158621931,16.9147285463,7.95363144508,0.271568890027,-4.25392808404,8.09594186685,15.6460790271,-1.82288468791,-14.853097428,
11.467940004,7.61107129648,-31.0405688215,-0.991907248606,-9.18375313561,15.5542779274,7.26004000802,-4.7205787218,-8.12474232944,12.6143908758,17.4643118527,-0.414952770905,-10.467251113,
11.5707570839,4.01843844176,-27.3223211018,-1.26088055636,-7.9193498903,14.1538537996,6.03838485294,-10.2886021361,-2.7158771523,15.5393561194,14.0399399678,-4.32937037785,-17.9323573982,
11.5068409519,5.40203261263,-27.5532566265,0.123394462292,-11.5749646147,16.4262884706,0.421012878443,-11.3495871935,-5.74837228019,17.8800560071,17.9688438804,0.471133170132,-15.8370984696,
11.4979004374,6.9281254386,-26.9881844324,-0.731615766959,-12.424746292,20.7237394251,-0.0738285461679,-1.58405877176,-0.428535767196,18.7075066779,17.6278554089,-4.73672376573,-20.4846590653,
11.4914530757,4.79794554237,-28.4197158411,-5.39817366032,-19.3915683105,17.874407821,5.89092700243,-1.55904653773,-2.59663103092,24.1760456234,30.8406160531,4.83265595239,-15.2100642031,
11.3507248237,8.59876211364,-28.7479235746,-1.98768457445,-20.3827952623,19.9339654799,4.01966627765,0.825571658138,1.32314956228,15.1479372081,20.0334210722,-3.16244459989,-16.6172456994,
11.2274082663,9.11529947344,-27.3713095664,-3.97487518396,-18.0764412655,12.5484053088,4.2699351029,-3.41305624202,2.33478938647,9.81762609184,14.9243587131,4.99066660236,-6.55042223981,
10.9987825387,9.80369538309,-25.3473880737,-0.487453429603,-22.0742265396,7.58948068248,5.7356908077,6.02534908313,-6.77515390021,5.39515332477,11.6532621608,9.85711688838,-2.67502140102,
11.0843269434,7.44415558682,-28.4138036483,0.687955733367,-18.6803011804,2.51911408259,5.23273611073,6.07599970311,-0.394544895319,9.29210635204,16.3247028339,15.1717281564,5.77346799674,
11.169746561,8.75864513508,-30.9122099869,2.95839880808,-15.3827013364,1.52586591638,5.78297257075,4.4389856853,-9.27517578864,7.35676806224,20.1142350961,18.2256675851,6.30249567428,
11.2065334228,8.22358550914,-33.2128378523,-0.102602560229,-10.3875218487,7.30829469312,11.402410764,0.22084509743,-9.04807971653,12.3735996031,18.5805146558,8.00212378792,5.655401771,
11.1955983315,9.33859567356,-31.7686690108,0.610555244552,-12.8523836152,12.027419776,13.0616841648,-5.52443976072,-7.57922957731,13.3559578232,20.9696637826,10.168537113,3.75110691635,
11.3456636025,9.06960431682,-29.4498838736,-2.45438589103,-14.0981573661,8.01937548418,11.3813159138,-2.78201917182,-9.14485713477,6.28145711366,18.5783593874,12.5461123305,-5.60645740089,
11.41987495,4.63465578708,-25.0649556663,0.0151850038412,-12.6763461043,10.0986158752,9.34537813119,-5.06420181037,-5.75339943218,6.93789097202,24.1728018464,15.7458363391,-10.5117403336,
11.4474496933,6.37842803732,-29.984714754,4.90835399377,-21.9584964645,16.7687601693,2.1620420823,-8.68043747199,-8.85967262113,15.0282440459,15.7537056465,10.904265755,-9.6145823375,
11.5300785019,2.85997613578,-30.1935393456,2.75700111275,-13.5733586085,15.7143464818,2.69525096113,-9.32401177457,-7.06697609178,10.2162672251,15.5975604841,7.10354002465,-8.53008773462,
11.3846706108,6.10689115846,-30.7328526906,4.56881260712,-14.5438991516,12.7427966154,-1.94958244085,-5.30041995755,-7.80312408096,13.1330951696,12.0323014983,9.83993165482,-4.86310042981,
11.2160730133,7.57004478447,-31.9077720804,4.72312127712,-13.5815219302,7.90800062314,-2.82983418622,-4.13118892791,-5.79078478916,13.5885509562,7.39790430131,10.4182299155,-0.577487114022,
11.0477373645,7.54872850298,-27.9331084284,5.97249150207,-16.6614007803,7.13562884473,-0.65837185055,-4.06879119634,-11.0650672507,13.6188435599,3.72783910352,9.90786850497,3.14161923813,
11.0222797576,7.71200776139,-26.7960884206,4.55989718513,-22.7028606564,3.44836530188,2.349375236,-4.46998884143,-2.9649842207,16.9121565497,11.0059440851,4.03060458773,3.60277823783,
10.909372992,7.6958295703,-27.3625716992,5.6325102832,-27.7295826123,0.301117265724,3.29645819048,-10.0904362742,7.87612016703,6.07071890321,12.0690127369,6.56848492626,-3.82680419993,
10.8894622279,7.22126443943,-26.9586759314,10.0275359235,-28.0013535802,4.63736243461,-1.80841315809,-2.34186997243,7.60992934334,3.12041804483,8.77242445502,8.52184095909,-0.229884114568,
10.7960807094,6.66346020395,-26.382951764,9.5200250957,-23.1615007166,3.09069437957,-4.96157990564,-3.15946668435,8.14882344631,-4.54651160577,7.88861060015,12.4947061458,0.382757084675,
10.4676728505,9.93326791175,-24.2442927317,9.33497482379,-16.606732799,-3.96757656425,-2.29878059974,3.76787485985,3.3952607918,-3.26327816249,-2.35657682254,9.34921794339,10.1638370498,
10.7001675145,11.7523729663,-27.7071580121,6.78279290658,-15.4414512906,-3.82560485989,-7.66467893657,0.216095180195,3.22873264193,-5.42707148526,3.64486193691,8.95550537802,5.65297778702,
10.5970333591,10.0798048217,-28.4586779984,9.38922724696,-19.2606755032,-4.27964072661,-7.34082362942,-3.31145729781,5.58994079334,8.02144075262,8.80636434458,9.85511118324,6.01344904224,
10.6470563651,10.1021022609,-27.4781808763,14.1987361081,-18.8974213156,-5.82079888813,-2.08691781735,1.7189699164,2.40444931824,9.77392259748,3.10471426622,1.93459574701,6.11451894347,
10.6849878393,9.27466994863,-27.3798707498,13.4606815831,-15.481113849,-12.2915596144,2.24900181225,-2.2083143402,-1.36416749037,-0.191398323297,-1.02376510786,10.1116959358,4.26227324989,
10.8152162143,9.31389211818,-29.1685815278,11.403084117,-16.4870605861,-6.32310924721,6.87092792075,-1.09592752572,-6.43686648611,-4.95598417348,3.6677088785,12.8993399433,9.55545832672,
10.8733020594,9.07724547977,-32.6767889924,9.43537832965,-18.8932667778,1.00564790115,9.60480913734,1.32055437503,-2.57284839603,-2.83056139189,12.7247734567,16.614359862,7.73668843453,
10.8725126933,7.82829077645,-32.0102454107,9.18397038372,-17.8664799407,4.943676795,8.92280700489,0.299063678057,-9.49407228041,-4.92682761401,10.210578692,17.1210084264,3.05669403538,
10.6516386166,5.37498276493,-24.2091540705,3.93662176325,-10.496736723,3.62376127633,7.21239652757,3.84837144764,-1.26970545134,-4.92257765156,6.43758662459,12.6277089416,-0.248673460911,
10.6005396935,3.48315859,-29.0816346327,11.8695537653,-10.2556897841,16.9737721256,10.35751754,10.2131063864,0.581780004084,-11.2245920226,4.88153443231,0.693099475159,-6.19932264736,
10.6197014289,4.33420053519,-27.5367299468,12.8219575608,-8.06816351321,16.3889619149,5.21406709461,8.60204794889,7.99675037434,-7.68943485151,-0.286028188113,-3.034063585,-9.63107597533,
10.6726929196,5.39138734751,-32.644319401,10.5665727847,-10.2715986885,16.0593368417,4.20846909315,3.56683149969,6.49508074244,-2.70891712144,-6.47766999545,2.06667409947,-3.17004844801,
10.4755350047,7.88093344155,-27.8027378365,11.6191520039,-8.09460082656,10.3829953435,2.22075670328,-3.73894041478,3.11281204725,3.08655471323,-6.32645983015,5.29571423638,5.43133249153,
