-36.0436533891,0.0,-3.20763172248e-14,0.0,2.39267989553e-13,0.0,-2.05930167027e-13,0.0,3.07279169524e-13,0.0,-3.27769755162e-13,0.0,3.59484803447e-13,
-36.0436533891,0.0,-3.20763172248e-14,0.0,2.39267989553e-13,0.0,-2.05930167027e-13,0.0,3.07279169524e-13,0.0,-3.27769755162e-13,0.0,3.59484803447e-13,
-36.0436533891,0.0,-3.20763172248e-14,0.0,2.39267989553e-13,0.0,-2.05930167027e-13,0.0,3.07279169524e-13,0.0,-3.27769755162e-13,0.0,3.59484803447e-13,
-36.0436533891,0.0,-3.20763172248e-14,0.0,2.39267989553e-13,0.0,-2.05930167027e-13,0.0,3.07279169524e-13,0.0,-3.27769755162e-13,0.0,3.59484803447e-13,
-36.0436533891,0.0,-3.20763172248e-14,0.0,2.39267989553e-13,0.0,-2.05930167027e-13,0.0,3.07279169524e-13,0.0,-3.27769755162e-13,0.0,3.59484803447e-13,
-36.0436533891,0.0,-3.20763172248e-14,0.0,2.39267989553e-13,0.0,-2.05930167027e-13,0.0,3.07279169524e-13,0.0,-3.27769755162e-13,0.0,3.59484803447e-13,
-36.0436533891,0.0,-3.20763172248e-14,0.0,2.39267989553e-13,0.0,-2.05930167027e-13,0.0,3.07279169524e-13,0.0,-3.27769755162e-13,0.0,3.59484803447e-13,
-36.0436533891,0.0,-3.20763172248e-14,0.0,2.39267989553e-13,0.0,-2.05930167027e-13,0.0,3.07279169524e-13,0.0,-3.27769755162e-13,0.0,3.59484803447e-13,
8.57911761199,-11.2457602702,7.72930036593,2.91721302078,5.92529465082,10.4114448021,5.2735720202,1.80403125612,11.6615839615,-1.27482856562,-1.56041019156,-7.82139665817,2.06708007378,
10.4353868703,-20.2540377267,11.5844265126,6.2955459086,6.88353431229,12.3658636863,12.0209951928,-3.73973114748,7.14105380725,1.59598781574,-1.91537120184,1.89324574534,9.25226165691,
10.3761524892,-22.3131693111,12.8178402032,11.4332251206,10.1013406702,7.91706912023,5.41208354588,0.175986402214,11.4653656726,6.69908826572,2.61862120417,4.76058076139,2.11369951455,
10.3414500529,-23.8202624462,11.4041989049,9.82483282839,12.8989501567,7.8280661945,5.660795192,1.64455903514,9.18331664664,5.99850103065,5.83057280103,3.5306150394,5.86321787505,
10.2602469567,-31.6782803605,2.20905220147,0.561143526958,-0.503893411727,-3.42352792751,-0.916399366849,-2.70799361735,5.69972907568,9.88534817409,6.08165110611,-2.48067697267,6.83657949141,
10.2885053411,-28.2295456795,8.62815730475,3.74272925513,9.89579341984,5.18521758162,2.52041480108,-2.27707239388,3.11735707282,0.10786862601,-3.64456233577,-3.74352359535,5.68265938118,
10.1508497527,-30.9446437775,4.68064546966,0.789245417672,-2.20843377992,-7.68642718686,0.847715690924,0.565363014454,12.3646747999,0.0947036317854,-18.5445858389,-9.45537558057,-5.63927835118,
10.290695487,-28.2583847536,10.2761987419,4.59430623947,-0.300259526686,4.95772251154,2.36112985961,-7.74453853131,-3.54661637475,3.79707026145,3.94022721863,-4.46320354791,-5.92944623722,
10.1853849469,-28.0537404468,6.92602829322,4.19138992966,6.45714845285,5.90934747171,5.92122156259,-3.02818978974,-2.48048680799,-6.07993132315,-5.17864415543,0.261390427393,2.98711776524,
10.2048716009,-26.7491669419,10.238158673,5.18381816625,9.68714882289,10.1307177535,6.85675003263,3.03593847642,8.85916396661,9.69108305383,2.43087870899,1.77107976883,7.54008347468,
10.1146245068,-24.4994311263,12.2444259828,6.63544152925,11.0234813376,17.9325525703,12.7655406463,5.47942114888,8.30357718704,4.14484521162,-1.05242774453,-2.58987707186,-1.13129433644,
10.2856202299,-26.0275840146,12.8282581263,6.66892625082,5.54777778114,7.54719448177,12.9330306226,7.43771918683,9.63931743958,4.33061637783,4.32851300354,1.26777878011,3.49178132479,
10.1930884775,-26.5443154704,6.28766174547,-0.602693574121,2.58430667751,6.06776206622,1.98265585154,-8.25590821953,-1.18185921286,4.96450907979,3.23993466386,2.56996885055,10.1960481785,
10.2937357213,-25.9580923685,9.18010479798,6.58865563722,8.91288006791,15.5832200279,12.0002054864,-2.68832484066,7.54527867707,3.00269585251,11.9829401784,12.6676088793,19.3545440331,
10.2785172036,-26.4160504354,5.88659693085,0.750137594762,0.161033084991,7.78198360477,9.25040980216,-0.476115237294,7.56164275358,7.6578461345,7.64736865789,7.25244139252,10.0408335382,
10.3212490154,-22.2006953071,7.9989438679,2.88709080973,3.88976402652,14.9640914561,12.7666884488,4.54741171408,9.34904870392,6.12330147256,9.54272409409,9.78646705135,-0.0923539916616,
10.5436599945,-24.7973681406,8.37719909337,10.1486043586,7.39683833776,10.6046942215,8.22600907076,2.76117614202,3.79586512047,2.82222584011,-1.1142937767,-2.58933128313,5.94045629721,
15.2350795362,-10.3829724128,3.14167772,23.0257988052,9.71524368007,44.2560944145,-0.139951184183,2.52055389187,-40.1910659242,-10.2044092575,-7.91215880443,0.0802263512559,-23.1590397049,
16.1245773423,-20.3079470204,-12.0615215584,18.0710781426,-7.72930653435,24.3491434549,-19.7710112569,2.66046934518,-22.3251352971,7.92393621056,2.77437620578,6.95483929276,-3.81389993771,
17.2339534226,-25.7941998297,-18.1673023452,32.176770016,-3.28721842862,32.7034381201,-11.3505990193,9.1544077626,-17.7328543498,0.740749837005,-8.08007148118,-4.96541172459,0.558174153492,
18.2573298146,-31.7520507158,-25.2494261049,30.6263390112,-1.61998286654,30.6582412065,-13.7207876022,5.64331424508,-19.4416073773,-9.08130856808,-7.09334935478,-0.263012580058,-5.17225539138,
18.2194927391,-36.185647847,-32.1420774619,23.0655814318,-10.8178983095,29.9652516238,-7.39136293244,19.3659581779,-3.70849483127,5.25132384449,14.3646135644,14.5868305375,2.32949575462,
18.2918496773,-35.0858077858,-30.555670572,29.7678058351,-4.17863850436,29.9672960239,-4.80525771914,-12.666692127,0.136702432282,3.74962708267,2.45817671913,11.4236571117,6.29962769878,
18.0053771013,-15.1257368615,-15.4578751292,38.1891742811,7.37479090761,40.8331640328,-2.19428136896,-29.1132444923,-18.0139110102,-15.5347214726,-17.0375147525,4.68071985301,1.91477099798,
17.1784502899,-1.01183970773,-10.170703775,40.4450557478,5.78038108499,46.7283782083,-8.3697647077,-31.6692222201,-23.9690617983,-14.4841170959,-5.93599404407,2.21454928752,-4.96824166502,
17.6764515253,8.08491859743,-2.49071084828,12.7638234539,-15.4899757412,49.3382818411,-18.6125132175,-32.3616839825,-11.4765338711,-18.0326487465,15.3962027141,4.07223571703,-19.1447337809,
17.7881241495,5.43013182192,3.29189885052,7.89258905049,-11.9154603797,58.4672171845,-29.2886047587,-26.5975339682,-35.4377581151,-12.8906899701,7.75067141134,-0.375364735343,-12.2552219709,
16.3026438897,8.98419839782,5.56531812513,6.71793003323,-6.37319684526,46.9353056026,-18.7519854653,-20.3440046754,-33.0004498604,-16.0118497184,10.5544824148,2.57933325621,-11.8523193475,
13.8432034459,13.1253505292,14.4803021281,-1.59386845776,7.13656232009,29.2828401243,-2.00531729485,-15.2789113729,-4.05779812566,-6.76957415448,0.629591530015,-6.3903828009,-7.28860226966,
13.2363006785,10.0444213083,21.4871889893,4.10755586444,18.8515963159,32.8381330122,10.2954582118,-13.9020853258,0.727450251209,5.68024308379,9.37586241186,-9.07134024711,-16.436345179,
13.2537230461,9.42901328482,27.0017152483,10.8476728024,20.2204125326,27.6807512137,3.08438828325,-26.6125545454,-19.987313923,-14.0794331623,-10.2009380936,-4.36064878598,-5.00794565628,
11.768338185,-3.88143037777,24.0397292551,19.9079830042,25.5040288572,30.7891772738,10.3274417481,-29.3366853813,-30.5902510203,-15.2017857487,-4.36398009973,-3.53091079796,-6.28263614071,
11.7697285305,-5.24204694114,30.1625302294,23.9595033299,21.382163824,19.8226197942,-1.05293806154,-25.6821906116,-22.3250850513,-18.3124829936,-12.5876133882,-9.33792519055,-6.74280327195,
10.9608033942,-10.2689314707,22.9917456949,20.6310449244,20.0579730326,14.0853298921,-5.77631524926,-26.0524926659,-25.6913494713,-23.4954455182,-14.5241661811,-10.2004202734,-6.2906623659,
18.0492213185,-12.9071999906,-23.4622189153,-5.86995151404,-17.7541062281,23.5019382779,-9.87063976249,-12.4294453634,-32.0193752336,-6.46355125947,9.06987582673,29.0134114292,22.1221757553,
17.1390235208,3.04789441061,7.105257034,9.4359835528,-9.28962349666,48.1334762423,-17.6641869319,-8.55577124756,-36.7774354964,-16.6802627485,12.8910941529,4.75641787387,-13.6008345866,
18.3920108614,0.887437045725,0.858555110631,10.9988694064,-11.2374162994,44.8300642864,-16.1053230731,-21.7380813261,-41.0275250342,-13.1378698208,7.52262893669,16.0482797208,-9.54741261856,
18.2803155137,2.23976949017,3.83445851956,15.6885912692,-14.9553809644,39.2381472245,-12.3057588811,-20.983782568,-41.5468897527,-20.8177518268,11.2567578715,4.5301566898,-11.0764653494,
18.4883259082,-0.437483925032,8.55251545748,15.9070030893,-16.5870868152,39.6579683962,-30.4609623588,-13.7707708217,-37.9483372399,-15.9901814612,23.6426126089,0.892748150049,3.11496587864,
18.0352386632,0.160188407867,7.94652368041,19.2644123227,-13.6291605433,28.2561477793,-25.5304979864,-15.2763156402,-34.5071902917,-17.7806156138,26.2517849863,2.7050730017,4.55629203155,
18.485953823,-1.12981066044,7.38487381827,21.5656713677,-23.9271062531,25.4579351527,-17.8807567473,-9.10190652202,-35.0057273155,-22.3521390828,17.709586779,0.838218950575,17.0618569207,
18.5321117956,0.992925177519,8.76014500626,17.8495814575,-26.4790109726,32.1848112732,-33.5569593769,5.56888237838,-35.7986311215,-12.3689693726,18.1478384525,-3.59068170503,-8.41780273849,
18.1604195412,2.78332063086,3.42202917587,19.3244219557,-31.5204801437,28.005987927,-13.7119586426,7.13055669276,-47.4672099022,-7.75706481685,7.68537733574,3.85084374062,3.92055838198,
18.2473328225,1.57463825317,6.00894830224,12.4642552804,-26.3570406983,30.9278176678,-16.9851830911,7.31580248963,-36.0136559546,-15.6673947363,13.9566699756,2.61973304907,-0.532277840695,
18.2060348861,4.18731754144,0.462238409586,7.74622325081,-24.5146227149,31.9002973528,-14.4000758776,21.0380928508,-42.9003513128,-18.8836864944,8.00686115043,2.23049384919,-2.26767735404,
18.0448737902,3.11386400717,0.234159830526,13.828050044,-19.7706273725,27.7308299547,-19.6439304733,17.3659527707,-38.9105209046,-10.0600610009,1.74890293317,-5.78412409058,1.47543346019,
17.4604355886,0.457707399186,6.90322723453,13.0369833374,-7.93416769837,21.4495247785,-13.929346792,15.7899739173,-39.7949241671,-25.4798843285,1.02877755203,-0.0899736752376,0.652942430264,
15.9043983101,-6.10309040626,5.76188193456,24.5758395432,-11.106362927,5.21582571719,-12.4513772256,13.860684806,-14.3619521351,-7.18426508316,-2.01061629589,14.8355716453,3.0289303002,
14.1621656897,14.3042414611,12.4969506326,7.55631180719,10.2852122909,8.8743167211,-7.41810015784,3.42807329759,-1.52901296706,-16.5218564782,3.46357030269,-0.482633483559,-4.16594370155,
14.1229768535,16.0660719117,16.9943643943,8.79825278905,9.67031774036,4.60861498242,10.9806489426,7.40770639043,0.528500560105,-1.01712143366,14.000132672,1.45209922807,-5.16343766377,
13.8796344049,0.653638653618,29.2745234288,29.1177380283,24.4066222483,20.6625948797,-6.21245293503,5.04365096646,-14.0015103426,-21.3703387637,-21.9110480392,0.533940914056,-0.981995789382,
13.9444289381,9.51777967419,38.5757211637,24.3527349894,23.8716818114,11.6509220001,-1.96235360124,-1.39495748991,-1.72051073557,-10.1449699349,-12.8540971781,-15.9515716278,-9.44626956458,
15.4990923596,-3.41050728997,2.06640359103,14.9496420474,16.3113155911,30.7101905086,-23.5937556559,0.632854786658,-5.20377898057,16.1355160838,-12.2345480976,-21.6132928606,0.882299041472,
16.0809431852,-7.67016006842,1.76931380985,29.5221384095,22.8328515356,46.2570660986,-28.0932344046,-5.47999978044,-24.8106739216,-3.6195641053,-15.4389008013,-18.1614701947,3.80393634282,
16.4202159063,-5.57060766198,0.403073122924,26.5581435787,11.1448312386,48.9921696015,-23.668402772,1.58269516101,-25.8801485965,-5.93801673239,-7.62101457851,-16.5240755255,-5.77975942986,
16.1023821958,-0.570306702714,1.2205012869,25.7923337472,8.99550115876,50.7277499216,-18.4204102048,-13.0726620097,-24.2866039303,-2.38685462965,-7.21361542783,-11.4089332764,-1.1713483595,
16.1471149195,6.53346539188,-2.56860943601,15.9512382074,6.71559919659,39.6067976021,-15.6761127054,-20.3333313254,-24.9965423198,3.97530956026,-3.05589974682,-3.02411000336,-13.7942249632,
16.4094804149,4.77026150689,-3.9683529436,25.9346585049,-4.84651279268,43.7410350986,-7.28993118958,-39.2160920533,-24.2412732615,-2.16383325017,-7.74055396104,-8.0625350733,-11.5696742075,
16.459687654,5.92815684296,0.17831229647,18.3289017337,-9.059261162,42.5766298596,-3.88384554466,-36.3401350751,-24.9778164526,3.99548475231,-4.55452528727,-11.0935161538,-16.7931012,
16.4562930058,8.7626854346,6.41998616778,15.3509207726,-15.6770781734,39.589395319,1.632782176,-36.361765483,-8.7903344896,-3.24645017914,4.01467404546,12.2357906021,-19.5178932141,
16.4195868495,5.40347054178,3.26846331996,23.1173137467,1.81718227437,60.209754929,-1.44878172365,-28.1495802243,-27.3310504997,-14.6733197428,-0.0555046486035,5.73993145635,-15.5226561544,
16.0844142374,4.40844266907,4.16627710574,19.498954416,-5.28667649344,51.8111405319,-2.94126927707,-25.1501486607,-27.670246084,-11.8236585892,5.60318033121,14.532202407,-22.6510135998,
15.3231477059,-1.08060491036,2.97799809875,29.2678692925,7.62516565593,56.3726144815,6.91959931625,-19.6902843634,-40.4391271201,-31.2831199233,-0.270649372877,5.82875466754,-14.3612070538,
15.745456432,-2.37289775048,-1.46572632195,32.6614847995,-12.8495741223,44.6512419829,0.44635085589,-23.878537405,-24.0648720385,-15.2436244704,4.24117539785,14.7704335492,-14.8652932618,
13.9081519738,6.31678807817,16.2619152561,23.4122204799,0.371411309361,28.9396216103,6.3725143547,-15.1247270782,-8.66442786242,-18.0879324963,-1.62276253021,7.46553222221,-11.761832396,
12.855698292,4.75791872807,26.1911827124,17.5769379425,9.46486675872,27.6567246728,8.08697956989,-24.0538790163,-9.50807545335,-24.3359729911,-7.49776178429,1.54208830032,-19.5356574236,
11.2426179497,-4.95203643314,25.5511091499,18.7522095432,17.6299881324,24.5549045329,10.2419800732,-24.0250576719,-28.4227655047,-29.3996428194,-11.1144057779,0.0123044308213,-10.2718738195,
10.8343670037,-3.13545639616,21.4558674824,3.89280354483,4.40270842702,11.1902778974,6.14338276182,-16.4105886305,-8.14081194635,-7.83713913616,-7.17354548109,-10.5273569647,-15.9662045825,
10.3635955382,-7.94305184371,27.614147763,16.0809895248,16.1713923302,14.9294500865,11.8156856603,-7.82442721739,-12.0960103056,-10.1705225184,-0.274182764881,-7.18299349845,-0.597806932952,
10.2124617059,-8.92851585026,26.023210708,13.3256393355,17.6779696815,12.8268663096,3.14770765849,-9.1500440815,-13.7336461414,-14.0181175251,-4.18743476344,-4.20976312794,-6.554808004,
10.1630620206,-12.891265106,23.3148303349,16.2479486895,19.2328712016,20.3673491194,9.94029619122,-2.4869282533,-7.38921047527,-17.969757711,-11.9442041043,-12.5008499243,-11.2339128606,
10.1404066877,-10.2892575424,25.2708963692,17.4078681148,12.0527241697,12.7900632526,12.4143309143,-6.4195296997,-5.76660598142,1.6536058505,0.140380190495,-9.58104489295,-7.15935036572,
10.2182717079,-14.8967528057,23.0814328929,18.7956295568,17.1191797885,20.6644162256,18.1850107947,1.03838947346,-0.443662126135,3.48950185843,0.824739822341,-11.5486523024,-8.87570473776,
10.1850691192,-17.0032213191,13.8152976623,17.5162477203,14.4661045292,14.9208864267,13.9805811748,-1.43604861512,-9.31130975609,-16.9877159235,-13.7617401417,-4.05189092697,0.171345894631,
10.8026656589,-19.9969535844,9.59874524579,10.3630340548,4.48359896673,13.7135538322,15.4857083277,-1.03702128954,-0.0903021065613,6.14651994254,8.58636756223,-2.28733234552,-0.243509212987,
14.1871336875,-21.5849268168,-0.110657940891,26.4490767175,-10.9042645038,-23.7523092742,-8.53308442593,5.1759997892,-14.4007765684,16.0548452418,-10.6833135926,27.1487423079,-8.74326910961,
16.4097058855,-1.81879256627,-5.16459538803,6.93255069294,0.684157929291,14.8490305114,1.15853608384,10.1184443883,-8.95553911966,11.2828336404,1.26168763011,29.0250245531,-7.52162100351,
15.9169517063,0.991695495713,2.73376941492,9.12468787882,8.93363026103,11.1991389709,-5.74273230668,4.80744539309,-21.0365405283,-1.9434364117,-2.57818478658,25.4986820423,-20.1392001541,
15.9487371262,5.4498309023,3.39805700661,16.9447379641,-4.04063775338,-3.26742138034,-17.4112226581,-3.40216393192,-14.1666252529,11.2205448352,-2.29236774109,20.9029547303,-20.9443290102,
16.163976252,4.94546030458,19.5911096438,28.7148090988,-1.35813417665,-1.90903083257,-19.4843999672,-15.6377352854,-25.4631221775,-0.714679969589,-7.03781197099,16.8578645679,-9.06145363877,
16.482198424,7.7276896831,13.0376476131,26.876146885,-6.83230679965,2.81178698538,-10.2136545941,-9.73126246287,-28.8420529795,-1.54147865456,5.42622883573,7.96933553002,-25.3352834507,
16.4032461988,9.51714515772,9.45669721429,27.7097521642,-1.95250017833,5.98077086995,-19.3693200013,-11.3726202445,-23.9381303127,0.104943224409,20.145164747,12.132197053,-15.4409491766,
16.370039018,9.21985143091,17.3676136142,28.0703443788,-15.7042477596,-0.271449726274,-20.5802419955,-9.91113170001,-4.02802290319,-0.329063475102,4.94687158419,18.0427806866,-21.7688879861,
16.3801648413,8.33548769113,20.1563412705,17.7795608762,-17.9421358814,6.50684965378,-22.877096604,2.93435431523,-3.3416314423,-7.83533145828,3.02490156296,6.71652840362,-23.7444887097,
16.0557158281,0.0995939509834,15.3845714285,21.4896567612,-8.22197261631,22.6128858578,-20.6359975655,17.0076807285,-21.3002748105,-5.96047516174,3.07415943339,1.37868135036,-21.9640857164,
15.2325819124,-4.712011968,5.98769136625,25.6197491788,-7.40791856574,26.5315386356,3.52664727696,12.8182128782,6.23041671693,-3.70550760415,-9.43479101736,5.51455188485,-5.93852019599,
14.1098173873,-5.87235899252,14.1128239392,9.37480592819,3.02306789507,19.1112855208,-12.329647095,-6.802247803,-10.1248276176,-4.45874753351,-8.41672604902,7.58601318891,11.5006748771,
13.2927307259,0.479732889236,16.3585836817,13.1733795424,5.76897929892,7.76760362335,-12.7979703574,-30.3570199472,-6.90874917135,-9.20420961031,-9.27208488013,9.13499424111,-8.0501737333,
11.9862339922,-1.27884994299,28.7069449274,23.9121165858,2.13137077938,0.820006940681,-2.80614161779,-8.37065404218,-5.95538609319,-16.1358277384,-0.60374402009,0.794263537186,-6.18427107271,
12.6171067554,-8.1912035995,4.05235623208,23.6331705239,13.9428160884,0.285982805203,-14.6633325546,8.69238390884,-7.66816404827,2.16578683474,-7.52518911861,0.139187645845,3.85662920676,
16.6602154079,-25.1306530719,-12.118402949,17.8222338646,5.66475718084,20.4321796001,-23.9241803581,4.50444241598,-18.8714805214,7.23203113636,-12.2511622116,6.27068138063,-5.51297928557,
17.6697602057,-29.4670236313,-12.6993655839,8.22286677229,-3.83359568477,14.5538008267,-8.69565118141,-6.21139892029,-1.80893321868,0.438342026534,-4.27308191467,7.69184656724,-10.1199095927,
18.4349571682,-28.3512716488,-16.1231905419,7.62856228332,-12.7718118343,6.13224300766,-16.8406348241,2.24854211233,1.73953734643,-11.7961903625,-14.8759062764,14.4995000232,-2.60649258447,
17.6350794084,-17.9177520342,-8.65520566807,24.7760359735,6.66169306124,23.1084258784,-15.336495809,-2.83245594247,-0.370169067441,2.12463439671,-10.5782300838,3.62758648899,-13.2206240937,
15.652483041,-4.33080379386,2.15632982073,23.933507853,8.49409980516,39.0313874717,-13.5891811898,-4.57269690894,-7.60715887123,-1.0965649303,-7.65121146669,-6.61251238611,-13.0142605682,
15.7569252408,-0.282987108538,10.4872595771,26.8463623908,-6.08581221049,29.6170656541,-13.0818237541,-16.4498245953,-17.9959281705,-30.6200691309,-18.0825823794,8.27591452911,-18.1064111313,
15.6163976633,1.4920877948,17.3091080134,26.3020232235,1.05940655062,33.5759139777,-6.21446708117,-7.12919649072,-9.01125377115,-21.0841687644,-1.70904105596,28.5767165868,-9.3061516828,
15.1258227698,5.41263206648,14.9218546829,29.7156389531,12.7170481971,34.9505785642,-9.91975136684,-15.551333531,2.5978231799,-12.342305396,-6.37733695814,17.6724717034,-8.75047023593,
14.7867487491,9.84868313551,23.4027647269,26.8263180932,10.148426968,1.0271242896,6.68621931295,1.38213636953,-1.30722085992,-1.65485778711,4.17690992804,16.7568096371,-21.109158156,
15.0987066179,11.2230725091,25.7212460289,22.4461763045,8.09895422045,5.64129793191,4.13358264656,-1.07231073771,-4.95118216987,-8.40362381375,-8.33598144852,7.61111636879,-27.0822169525,
15.2513934362,12.4949233239,21.1757469298,22.0841767311,9.67177724495,14.8321862081,10.5846540831,1.82196070505,6.03994792796,-14.039121762,0.021037579825,9.57030987569,-26.7089651444,
15.1236000556,12.6751385767,23.9334095889,21.8384160227,18.4197650047,19.2575942629,-0.216320905117,9.36364971424,-6.87140489392,-23.6445105396,1.76945528043,8.78761497251,-28.852042295,
15.4687232523,4.27746693135,10.4987872477,15.8971432311,9.49798617281,21.3576344369,-23.5598745452,6.03041770895,-5.69685970114,-20.2725456242,1.63506026686,11.473658046,-12.2799239062,
16.163262529,2.98697176459,11.3365477377,15.7994812352,-16.0383048287,27.0530352555,-19.6881296331,7.63907592472,-2.65692633027,-26.0287763976,4.90966437919,23.6752176627,0.123789917463,
16.2880561487,1.44954882509,20.2688118858,20.9820798895,-32.0147099553,14.9119528747,-22.4213282237,2.06607563373,12.9175389227,-15.7592167073,-11.6497423764,11.9139415919,-2.84680139663,
16.4094260701,4.99300675061,13.8312853436,16.4316574795,-28.1418457033,23.1788285962,-11.7435405629,-0.177690868068,1.79459859376,1.23303245363,11.0719034232,4.76628716833,-5.63846730144,
16.710253902,6.25914070283,13.5494103754,19.1074297063,-36.7570383933,21.4497314019,-8.95610583041,0.725364478542,3.89618667764,4.7558159377,12.7553827227,2.04125566694,-1.19006270564,
16.5809580669,5.99390433539,10.3617182136,14.7543249473,-35.5558132145,22.7062925039,-16.5290951128,4.45019885816,11.3954513409,5.27799780805,8.36982864421,7.33399297316,8.80771667641,
16.793359373,4.57656402682,17.7842399196,20.6334636255,-36.1742600125,25.9165037845,-15.6475500543,10.8816126395,-2.6962344815,-7.77925566867,13.6265423036,1.99654360015,1.83654186721,
16.8385243839,4.86537553046,21.3804314973,20.4585105943,-30.1668733566,40.4411595776,-29.2389843911,-2.06972882457,-1.89397610018,-7.10981343563,31.9715741845,7.86326554489,-6.49282222157,
16.2607885718,7.28660266705,24.1651077384,20.2503675759,-33.0167053452,35.0708942256,-15.5288697914,-4.7936243302,-3.04447641378,-7.97835882311,23.8062223135,11.0435015692,-6.59774408042,
16.2511650954,6.54595853096,25.7498150138,26.7079002069,-26.9688194659,22.2555605829,-22.0796391247,14.3158412346,-3.79078789384,-18.2685503657,25.0558092083,10.6966999512,-7.19948817409,
16.1974076083,7.07975603646,24.5026831399,27.4148469698,-21.4925056881,26.3069017574,-31.9755470873,5.12406322627,5.75349079396,-15.1558853252,30.4387761991,8.11816942538,-13.0267570203,
15.9031596362,9.51441284802,27.6595249457,16.9293032044,-22.7192866665,21.7927897434,-31.9391105979,18.8047824261,-1.24782409691,-19.7758941615,38.8684115651,3.5236908913,-27.267757054,
15.5474726522,10.3668675441,19.3656664675,15.4498372787,-18.5681530093,17.7167008432,-31.1046112375,17.1800500259,8.59677493246,-10.542502506,31.0595609616,-1.20426177893,-23.8580118953,
15.4822406473,4.95239929525,24.8470847905,14.5251629024,-28.1795284459,26.3648415245,-32.5840825891,13.1826014029,8.60474247571,-9.73013642614,43.4311341606,1.81697311271,-5.83114099234,
15.3667632549,3.53515754348,5.42672840435,25.9433163529,-14.8773275409,16.7086718952,-21.0366931218,6.46809975962,23.7853643567,-19.4996670779,16.6033185997,-7.57080806769,-3.84246618982,
18.5401048069,-26.303091111,-8.51951297723,41.1497949576,-2.47185290096,38.5557621728,-21.6388474901,8.80366973283,38.1142541806,-9.42456334695,-0.932163592455,1.03606033338,8.03595522637,
19.9968362537,-33.2831462255,-6.88266522275,41.060913972,-15.1709680251,36.196412557,-6.75107277593,19.0347132552,29.9925478469,-8.38290518033,6.90608019697,7.03433107887,2.92320232743,
19.5997864732,-40.4823836416,-12.4920340269,33.9684302611,-15.505229094,22.6868673774,-16.2692154149,0.227751814594,8.1024203981,-31.1877788026,-0.897204104642,17.6459201966,1.26269758465,
19.2046854482,-27.7639739479,-16.8321640056,19.3374991569,-23.4244333185,18.8874007119,-22.8347273406,-15.4453103623,5.68955277855,-15.275988313,-14.3004598386,-2.92604216189,-5.80789847089,
19.4739488984,-28.2587600376,-17.0530973302,18.0881047162,-10.5578806596,32.9991676347,-12.2043370259,-22.4521103785,4.55734246524,-18.6340496343,-10.9441406818,10.0277665349,-18.333761665,
18.9213082306,-28.3505385159,-22.3880195481,19.9361834661,-7.93988718092,38.6452719369,-19.1397101388,-23.3844064293,-1.17983995878,-11.3010810667,-8.55107857556,16.2531296437,-21.2469503388,
17.395347404,-15.4939407773,-14.2903370364,21.8976293018,-17.9793068544,26.1715273925,-23.522828386,-26.1606240578,3.59873969834,-0.944174278418,8.37384624371,19.851836397,-2.93882866585,
13.7002479853,-13.4084970514,-20.1917821045,11.8323449159,3.13484008935,19.3096782923,-20.4205544981,-28.185857702,-13.0106265008,-24.7245954546,7.97778737352,7.62912852365,-13.0149737946,
10.6522972175,-9.50629412369,10.6211544858,10.1061460882,19.2601288928,10.9694836016,-6.06096119663,-15.0509728035,-10.1020332631,-20.1045233328,2.78897021785,11.891616155,-2.54362315045,
10.4814758677,-13.2241141177,21.9218408747,17.8687973546,15.6416128824,11.3360593077,5.00046699222,-5.04455143501,-7.11263956489,-21.5062358443,-13.1451446905,4.13008684088,0.914968953764,
15.3534659695,-16.541089471,-11.5973470323,11.5756198874,5.99266881098,60.5092114132,-17.2761591603,-21.3773262082,-17.3757006338,3.93549797834,11.7937688336,-5.79481339142,-4.82263918592,
13.2867614653,-8.44866144075,-0.675842974624,-2.54781478372,1.92117113363,45.1989193559,-5.08803273249,-19.1069913426,-22.4357037718,-6.17344489561,13.0425848281,-5.00791271301,-12.0784054582,
10.4634691928,-13.8033649728,5.43325738758,-2.88075322984,22.6817038672,26.0979404414,2.91763175936,-21.2046756699,-18.4704727098,-10.4659477057,-2.61055648992,-7.20670346573,-11.5817263671,
17.582589819,-18.8833880656,-15.1792412725,28.6088852437,-4.50927959398,54.1578938254,-24.0330122821,-36.0266318091,-29.1036117125,-1.44044249198,9.71660899345,-17.5633573369,-13.342128653,
16.8706282608,-11.5867256375,-5.44563732639,29.4812703381,7.84233168625,38.4555382966,-18.7565348065,-27.3842054056,-23.5393109052,-5.52485957501,5.49771336552,-16.3212804912,-9.57832974648,
19.3368621383,-13.2756042115,2.22839789137,38.5380716349,7.69932614433,47.2011255365,-27.2118050735,-43.2761915099,-16.1606773082,0.186904414575,4.0738622649,-30.9200627376,-20.218370411,
18.9493295431,-12.884600076,6.21298545557,39.7721875143,-4.27662054194,41.5432468674,-16.3415025432,-23.5139576838,-29.1531034749,-7.25940854578,-1.27776641626,-14.2723650872,-13.2043678736,
18.6717665275,-8.33034168897,2.24802930247,34.2870710959,1.33390969396,41.3606601761,-27.0005745528,-29.4268501094,-18.7113325979,-4.57040795314,0.960760657962,-19.1339697078,-19.7743361085,
18.2619466027,-10.2365468509,7.25852932866,36.1284525936,1.17623333108,32.8223255601,-30.0435894811,-24.521191239,-23.7839391509,-4.52332492646,-15.1418250906,-4.96136684703,-15.5023075728,
18.2043613013,-8.81381033518,7.77109002962,36.8020274041,-0.486846061761,29.9035482705,-22.6373024798,-20.9136619881,-17.2941742486,-10.7890005234,-18.2664945854,-8.94800159753,-17.5437325662,
18.1816688684,-7.55968426951,2.02866716388,40.9870504613,2.99628337062,42.8297222613,-19.5593719569,-34.0830352879,-27.8061630931,-2.04348479968,-3.94285510183,-20.1062294508,-32.3901403978,
18.1243034597,-7.60534227409,1.72256492151,41.0311759201,1.04780598536,38.8748816022,-28.1334855427,-29.0936728726,-20.1716308451,1.09240373339,-6.15101480946,-11.7231842286,-17.2360170703,
17.5139864113,-4.44598281188,4.80989499486,36.7955860869,-3.41599587037,45.0823584561,-32.1104904942,-16.0350690236,-22.1577895928,-0.194711667067,-9.10716213745,-7.72301533088,-24.5928024706,
17.6075599693,-7.85024297059,2.95479063312,43.1293828452,1.9628744298,47.4826431527,-25.4120094817,-19.5973454006,-20.8810223925,3.06146227483,2.84143241298,4.51460498898,-20.7802631363,
15.9194098629,-0.186607158745,-1.94223631399,25.1707055156,-0.891089758481,18.0223229498,-22.4075109623,-4.72330702256,-18.9823689629,-12.8218059233,-1.46292136324,-0.870839099265,-31.4319749112,
15.3328196952,-1.24759128623,-2.59328860131,34.2118119743,31.2266048015,14.6029599934,-12.720820252,0.0350854118438,-25.6566102294,-18.7680920511,0.285718197188,-14.0041148942,-14.5575578737,
15.2540624577,0.713596444749,-3.55415736327,28.7839981679,18.6585606299,14.8175303816,-1.70102302779,0.785897033811,-23.9258758138,-18.5008586664,12.906870667,-0.794635878463,-10.5987223911,
15.9054336841,3.53168536741,-13.6095762949,33.1944613933,18.0821183131,37.1643419897,-11.1818564681,-26.7124261358,2.31522814116,-2.05948551369,-1.47151536596,-19.5814458737,-20.1457721275,
15.8554084777,-0.379191791905,-11.7231813979,24.3394306137,17.9188733412,44.6762330504,-4.05198834652,-21.3989199306,-2.52829093073,-14.4375485625,-16.1478808592,-20.6045682864,-17.3567202178,
15.5826512379,-1.81776544995,-7.18490621119,27.787299581,25.4866880055,50.649673521,-2.0177417425,-23.0790541011,-13.4592655971,-11.3992246081,-6.98989503244,-17.8852553276,-16.8977207226,
15.7079925998,2.81153959667,-4.23664725097,22.1255410455,19.9486297038,51.7646376617,-3.8880088163,-11.054782354,-11.3335279267,-22.6782378696,-4.05054315079,-20.2615518326,-23.3774529007,
15.989521823,3.503137444,-0.494772681473,20.608085873,6.06962250854,41.4349258852,-15.1734190824,-25.1101120274,-3.70402073435,-12.2574743778,1.50414064216,-5.46279367141,-18.4030039302,
17.0669048162,-1.09562274957,-4.30100538025,14.278545554,16.0904510031,42.7484745495,-19.7019898857,-28.9997946832,-14.7664520756,-20.0456094589,-5.50717433067,8.74184612861,-22.9303983346,
17.5407042403,-6.43619746026,2.81339912651,10.8447656472,10.2110605014,41.3993606144,-22.7555762689,-34.5029217607,-10.580660726,-0.31334336103,-11.8721567775,12.4664253544,-22.6646875451,
18.3897260771,-9.46133122607,0.393799296477,17.3842852568,-2.87746832745,37.0383562185,-16.1660545771,-35.1343796439,-7.77576124434,-17.690257014,9.85845712443,13.4683157444,-17.5451207802,
17.3934028784,-7.36810825612,4.28901184707,20.6265752674,-3.6730216189,42.1959862697,-15.9586012698,-18.0343854393,-10.8360418947,-17.1346489605,-0.553146292673,6.88130968958,-10.5499285092,
16.8603420282,-6.14163752375,4.65324263847,14.8398810669,-12.9111400173,43.3677726835,-10.2867007618,-13.5524570383,-8.20833454714,-15.5548235883,-11.5507789741,6.53302209794,-3.06583059319,
17.3182051874,-8.87766120316,3.10933766685,15.2746996024,-2.6707837723,42.129110743,-18.3262412926,-9.11336752314,-10.8350409541,-30.0777130803,1.95924816332,23.6064467474,-1.19777443339,
17.2362708706,-10.0195073191,10.4927076296,14.6687746226,-17.4583887451,32.2528720347,-9.96098601901,10.2156105132,-22.409093249,-25.3231668996,-2.39119487028,19.4410408223,8.88702913275,
17.4268167202,-10.0800100892,13.2173863464,13.9881515995,-18.7032165473,27.3931410136,-14.282331503,6.7260087378,-11.5026435761,-19.7281061536,14.6026856878,7.59470205262,-8.02877687605,
17.182100253,-7.87426463865,11.530189748,13.5935575123,-17.2811618115,21.5391723144,-16.2760000559,2.09243814951,10.6718571161,-18.2944368722,4.54881055668,-3.11780581272,-1.70594610984,
15.8159972526,-5.65440767544,3.14543913828,13.4996277483,-2.48070545721,17.3198183009,-14.4153498649,9.98243488294,18.607185619,-18.6112030498,-7.38518809437,-9.43290312362,0.117832734603,
15.2907926267,-4.62955925079,1.87925587152,16.1934141749,-2.32226450229,8.18338162296,-20.8779011267,-0.812294765109,11.239962595,-6.01765897072,-7.62829816235,-3.78632810751,-6.00366003723,
14.8729914804,-13.475994453,7.85096375213,4.75734741116,-20.5176903191,12.2457709723,-6.17424708828,13.0421776337,13.3303651236,-14.5017223297,-8.79429873205,-4.58593006845,-4.8817839061,
16.436015171,-8.79101343333,10.6934575005,14.7813307128,-23.7139290003,15.2624492256,-23.2312205068,6.98504427641,12.9187599048,-8.43507431779,-7.20274220604,-10.7042931973,-4.70310573955,
16.6129466861,-10.6477316886,10.0757354981,21.1011785477,-26.8153001795,11.5691807049,-21.8920828949,-3.86221015465,15.1102550524,1.1859390868,-7.65298012197,-5.62268371558,-1.1040588019,
15.6733645372,1.34652998914,8.01549789234,13.4280499375,-25.2798248752,8.20122698259,-21.7242623586,-3.85843325724,10.2951123819,9.82469768833,-2.75193457264,-20.0967142227,-11.6199054023,
16.4094248831,1.42437447324,8.98030456119,21.7071211788,-29.4984253379,10.5254033281,-24.7302030463,-4.33649681932,6.90570075738,1.58376024475,0.384456128984,-14.7549728957,-6.30759872606,
16.620197663,2.88485381196,12.9343528691,20.5801710196,-27.603551661,18.6965597073,-12.1389540499,2.2391046371,-0.0803929892044,7.90422336999,-2.57992257007,-10.5585123631,-6.90041474625,
16.6017211646,1.51800602442,10.9899988666,17.4011672124,-31.8139815679,18.1319480691,-16.9612061411,1.61948461797,-2.28167095769,-1.4215451022,-1.45566512819,-4.59773740801,-9.28953501897,
16.2640861775,-1.55369089317,13.5772843735,21.9221902997,-29.605729205,10.5736373329,-32.331408037,-8.47723215553,-11.2957990966,-5.58435167174,11.1101643123,-18.0846095456,-23.2969298592,
14.0836910668,4.14539074891,24.6430535031,21.5902019932,-15.8235801378,17.4889572282,-7.70902881396,-4.69003804012,-4.58961059622,-24.9094189816,-10.4617819219,-21.7751237612,-20.0118568992,
13.4611923297,3.18550226967,26.6168997931,23.7192315418,-4.80878012971,7.60304939127,-0.604399884724,-1.43275569913,13.2382965273,4.00249167812,4.73647717378,1.98702870027,-4.03628725848,
12.584668743,-2.26640533993,30.2131500102,25.6293731379,-4.26241044661,13.5257317251,4.16002799675,-1.28846878352,6.67122726522,-8.4422852219,-10.452935224,-5.78316646741,2.68355643667,
11.6856288049,-5.3547940459,28.4806520273,22.4629244025,-1.18695187545,11.4539606069,-7.62492140727,-4.50493766118,1.53808561359,-1.96240022391,-3.35232439596,-11.3123991612,-7.3523849471,
10.8467250077,-11.6920924076,22.0947045601,15.7272208983,-6.23527668982,6.71906868831,3.06103141648,0.0420499777548,5.05724472587,7.54665810633,1.45243242936,8.8562231996,16.5947462198,
10.6782997122,-5.80204872574,28.7163358865,18.5886224079,10.9156806631,5.82213581099,10.3541153286,-1.38204790966,6.87177214008,-3.18825189681,-6.93968698322,-1.35228430993,-3.8259415464,
11.4578089352,-14.395931644,27.9779764356,24.7103629737,23.2742786899,19.340754164,17.4858950892,4.78115750125,5.65288500773,-0.240374156149,4.97932360031,-2.81592659724,-6.30345179492,
17.5081742426,-6.1634298271,-12.4671674131,-4.09502195246,-17.2759047228,29.3389491355,-15.9230044833,-4.20715290529,-26.3952397649,-4.27706665108,9.91721207732,9.47294955339,10.1497081881,
16.4880739085,-3.69020285284,-2.71065754322,7.5569337034,-20.5003007814,32.871640918,-16.8389791104,6.11050255961,-15.6251281827,-13.7446739855,29.3127130877,-3.31398394179,1.07383387557,
16.9093938627,0.557775665276,2.56159994195,3.85717508109,-26.5254899997,18.8505682768,-19.3657044475,9.43746018048,-0.332701126519,-2.59128229342,31.2529400196,7.76356432478,0.778336681546,
17.1456309295,9.77965834928,-1.37521846387,-0.881997560685,-33.5739059127,29.3429999096,-23.1033941337,1.90868427478,-6.18764175491,10.5440430645,34.3561626101,-7.41558136121,-9.68080970322,
16.8158088334,3.29363231342,-9.56880939643,8.09263669066,-19.1049864805,29.7769373317,-28.7028827797,17.5433309281,2.81949077945,6.83205667514,35.479612753,-5.00886671644,-6.17921289533,
16.1101994534,3.1244756051,0.0285837932048,8.0163400539,-18.5228228678,20.9309232459,-20.1194387265,21.3692044028,-6.75270047551,0.783007923194,35.1817322705,10.2926871606,-9.54446519862,
14.9949915315,0.900091305135,-8.51645976064,1.19898668119,-13.5656623925,19.0795011296,-17.4954568617,1.34192048862,-2.13925877513,0.448970839986,23.0078732304,1.50453483877,0.35176736054,
15.1068717982,-6.59189167791,-6.42421826234,9.541904766,-3.47038310545,25.744510817,-12.0139225995,11.9944682537,4.41208514732,-2.82759291934,7.9137394826,3.86268624464,4.13371825288,
14.9444444838,-14.9457870334,-6.27723291617,9.92417139045,-7.25096708104,26.7149772844,3.35266803768,14.1955017949,-11.2506578015,-3.34212615555,2.48670721296,2.05434356507,-5.39766789108,
15.5758117967,-19.5411185081,-14.2771251724,10.3288285709,-5.55662530061,26.5955323714,3.74127188986,15.0798310068,-2.79333628932,2.54025909218,2.09219331495,3.79322488289,-6.32336861219,
16.1826843445,-25.4600528546,-18.0615483738,11.4423885745,-16.1273327958,14.1943198505,1.41736058185,22.6203549462,-8.76414402854,-13.961642441,-8.59352419425,6.8599508587,-1.77665130981,
15.3833085383,-21.6958954202,-15.1656297397,-0.336343268007,-26.4923964247,9.02811614179,-1.99398839965,22.9021736664,5.30729753572,-15.6052973137,-10.5489988335,2.25344025032,-19.1740509211,
14.731679482,-19.5941052425,-4.26281005563,11.9617401164,-7.82681898748,15.1008035885,18.011585523,24.8222641779,-2.2848937494,-8.40419101632,4.06790056082,12.4321950059,-2.50550918604,
11.7511585079,-9.38533294851,9.99911128794,11.8206613292,0.396712843524,1.87009543148,13.8781729922,9.3859258919,2.27122861499,-27.207338767,-11.5307800505,10.9553172747,-2.75318633965,
11.1332113089,-4.16049247345,16.052544847,8.53325948346,6.97218152142,5.26836990239,9.02876160019,1.87555953042,-4.10881162031,-11.5591157231,-0.768149739034,7.95118917881,-1.49364843541,
10.899560591,-10.7120395024,22.8776946603,10.5832618447,6.84596011636,11.8789150458,23.8491326946,18.0625696951,0.658133756974,-5.03400361085,-1.68156893411,1.30641664122,3.40751313269,
10.5947154189,-7.1864061772,25.8416844038,16.0352445058,10.8111452016,4.84180323233,4.23664359696,-3.75885441409,-9.48897706766,-8.69825776009,-0.504717683145,2.76923121557,5.42124784111,
16.0180267429,-19.7279820965,-11.7137867004,23.5146032545,3.69572337653,-0.0995902969188,-12.027343883,4.21987681998,-0.59470524905,9.3576251426,-4.62225536806,6.58574677791,-13.5098209842,
17.61779642,-24.6829803039,-14.8168817753,15.829346669,-3.52756524311,6.885877973,-28.0532029704,-2.5659978571,-18.1829044931,6.42733644198,5.75084366952,1.84759276161,-10.5426434523,
17.7438099014,-31.062696112,-23.4102960931,25.4520851716,9.27413535604,12.365526497,-15.2198438677,10.4224827222,-5.21369779245,9.74760196229,0.112416487898,-8.07153486996,-5.11298939981,
17.1305845918,-18.3374178555,-21.8742140886,27.4882406117,18.8407298038,20.7071516486,-29.9408556927,-4.0215309541,-6.68945429127,20.545213404,4.72192715408,-7.19893512649,-1.85188084855,
16.2919029247,-4.84674425757,-7.49614411768,37.0032341088,22.1791861494,32.3555227387,-20.9387998012,-2.09527333987,-21.9725701672,-0.824833752465,-4.46936233035,-12.5689878464,-9.00047020705,
15.9113477928,3.53497704232,-5.25281994554,27.3330201592,12.9330962399,16.914937684,-28.107629538,0.509275849678,-26.20732075,-1.31445403795,-6.57884574588,-9.01958720185,-9.02372152557,
15.8029983201,2.19763331766,-1.12488945711,31.7100689565,14.1447492953,13.2880555004,-31.4519124676,-6.26899573781,-18.0198342665,3.79925009553,-18.4730178841,-18.4577699033,-13.8046054943,
15.3445395097,-5.84777043334,0.066656346005,33.5743770775,9.61218529259,4.42221075069,-23.4035401024,6.80378025403,-27.0604756851,-0.955872213323,-19.4529767481,-8.57916481323,-13.3207266416,
13.5342191825,7.53592683421,11.6376216405,22.7197240628,12.0053142799,-9.47169637447,-9.82126805604,9.623887867,-15.3454533406,-20.9173843552,-0.121070259679,-1.78356962736,-6.10348922749,
13.8545449835,-6.93731208909,31.2010738157,25.8618506036,26.5775959013,18.3295341555,-16.4356279043,6.33177605719,-21.3837358123,-10.4350915041,-8.44879721618,-21.0430551066,-7.25639934489,
14.8885240374,-15.1802653455,12.3277025001,13.6147069925,17.8856706302,17.6716085885,-31.4683351841,0.73951617469,-33.4041353639,-4.17772991049,-7.84267361614,2.36146179609,-6.13480327147,
17.92869668,-28.6364861174,-17.5774973086,-4.29115400608,-7.60697636693,5.31836517405,-26.0374121895,4.26831357865,-40.0581007001,-8.15428751437,-12.6774128514,-14.9227636572,-28.2744817347,
17.6633208022,-24.3516899407,-16.9899252355,15.4218519694,0.407497386305,13.2608227372,-13.1307972266,9.71920695604,-19.1377234668,1.54212498908,8.22614219367,16.6741233293,1.25272859955,
16.3417045811,-21.5638839288,-22.2235921964,6.71892069852,-6.88997070877,26.634638968,2.05073964707,6.44537994761,-17.1140964043,13.8583432624,8.23817127686,18.392623591,11.7638493025,
17.6103201374,-20.0950178125,-26.6184408303,11.1194060388,-7.0163725649,31.4900021981,-3.99789628224,12.8177181862,-21.7461773891,7.30207449864,-2.960557967,1.14576265978,12.3327621292,
18.1193153766,-20.2158932139,-20.6183936705,5.76098404682,-12.7119883598,40.0077470595,1.59911735004,7.80661023581,-16.3634446636,-13.2530669835,-9.95110480744,-0.443045486859,1.99367028267,
19.1831966309,-19.4741829746,-23.7179817853,-6.43043452757,-22.2596781735,39.8671262654,-6.23562387392,-0.668762571693,-6.98925133434,2.54697041363,5.66165861954,11.2342792837,14.9001807495,
17.613159476,-21.8591131033,-11.9715611872,19.2275740874,0.125953039701,33.8568687619,-8.84849518281,4.70721028158,-4.50804660085,4.69327233489,2.2927679842,-0.428209316133,15.0070803871,
18.4820300933,-11.6542317497,-27.6496800975,-4.9979533222,-5.72673907613,36.505690401,-23.4401953961,-17.5059884184,-24.0236655404,-14.491416082,-4.1411463549,8.10820129238,-12.8389964018,
16.3612768288,-3.36201301097,-12.2535201383,22.0624837155,10.9231525219,38.5785104718,-12.9176555237,-13.1157333619,-25.778723853,-4.3743216642,-2.3627156259,-11.3726017313,-11.474044389,
17.9341804993,-9.06027891611,-15.5527123229,42.7333681505,14.1041430502,49.1457053223,-38.7311536563,-17.6227774216,-28.4713246606,0.829838928691,-0.510551969178,-14.8457717641,-11.9611153779,
16.3640036307,-2.46641185945,-8.95155987638,32.1527687569,13.464850936,38.1026228771,-12.9257609376,-22.4849600018,-15.6450891259,-10.4917181337,-11.1457045737,-19.2286985451,-13.0003640372,
16.1318343413,-0.863488784707,1.3099340792,30.6238196405,3.78784443906,30.0051401749,-30.3432881139,-13.8079305836,-33.681592798,-6.58017820445,-4.37348241026,-4.26248350708,-11.7885976586,
16.3131522318,-4.18979234876,7.40415998375,35.7633283169,13.5348767648,26.0387707309,-36.578577748,-2.78055534444,-36.6861139512,-14.8899225301,-5.94390404129,-22.0012124009,-24.8646762843,
15.4509783715,4.0728174185,13.3592220194,18.2616586077,0.805016551058,22.1139937523,-24.4787785581,8.75948825578,-20.2553569959,-4.79802301975,-3.53481601235,-8.44050012207,-7.51378466213,
15.5535845103,0.363723796116,13.2747532264,34.8822903313,10.1595550511,34.6851488239,-27.3366768907,-12.1878541631,-13.4920088014,0.214527918404,-13.517459493,-8.7176807679,-11.2761945019,
16.0145276952,-3.68328394352,7.53858322717,32.6215366001,11.3225903182,47.6694136647,-17.0697552488,-29.2457480427,-18.2439598198,-9.28170586483,4.3574469872,0.0451630450737,-13.1878518303,
16.5652081041,-2.85512224918,11.2858871306,22.2059899214,-8.78654055269,39.6978646583,-14.2155936713,-22.7473070118,-19.9851192917,-17.7024937958,6.04630294535,7.96967827622,-19.6661488159,
16.8407885966,-3.10143682252,11.4058087902,28.6924208644,-11.9013402081,41.4003469264,-4.07962947405,-9.41055734738,-25.7336175492,-30.1878760157,3.15478504947,7.6363033026,-23.4159088753,
16.8400399894,1.08889236606,10.2482381537,25.6144672284,-16.4352416038,37.2786468467,-14.4717394472,-5.15972606705,-25.8444049072,-32.6036486087,4.92340507491,23.7805616808,-17.1743389865,
17.0162475725,2.1292564528,11.206559964,20.2567683156,-20.8313993892,32.052337502,-17.9180533453,-1.36098588058,-15.9456974517,-28.5357577116,13.4954561926,16.4346448019,-22.8751795635,
16.2175492239,5.81272478776,15.3580893007,26.9842655205,-17.2777811342,25.5085269218,-11.9858438635,1.64089418767,-18.5162640789,-30.0666585993,9.2813751551,18.9801583652,-18.1504387586,
15.7236771696,9.99735711946,13.0790449,29.8104288687,-1.32662777415,5.94432329577,-16.2239969372,5.05858045161,-9.16678961715,-15.8289835371,19.0035182159,5.89390232905,-26.3200053033,
15.4643160235,11.782126938,13.0927823182,29.0703528371,0.585029742486,7.47808424938,-15.5902488895,8.42672641848,-4.26058160083,-17.1179785918,16.9202689327,0.222543814192,-16.8928316678,
15.1586670748,10.641138966,10.3085461284,26.3455175123,2.50755900246,1.77968703132,-19.7972411318,9.16054688538,2.77759738411,-14.0647563751,7.22408901867,-5.65854942723,-14.540422937,
15.3116669124,8.24609381669,11.929725991,32.8241883917,4.56306494788,9.77607520304,-12.2607861879,14.8978177782,-5.48634132238,-19.2831022394,17.2346141938,-7.24585304787,-26.2819328754,
14.6958978115,7.14883687539,15.2416053519,21.0889492365,5.59558948412,9.57476481481,-12.1043053782,10.6725437558,-0.179073944732,13.2061550122,10.7000597658,-1.13391480358,-15.9436954692,
14.047682137,3.72741466948,13.3425276683,16.0731939696,-2.02170184543,11.6412395719,0.150728124293,11.1666661634,1.59100838671,4.22701208694,19.9292072438,14.5046698648,-10.9934864519,
15.3830875273,-12.319349271,3.86606150635,12.8122835037,-8.79568723337,32.8202673894,-13.9770578071,11.0944682847,5.97533305837,-1.10948252789,-2.24584656133,10.0317974462,-8.1257137885,
17.1519935357,-23.2679518449,-0.646803870264,9.70270140817,-8.8270016663,37.458664862,-4.89699975237,7.41043692382,8.08498373145,6.23054306653,-5.53222455443,0.593453291371,-16.5774660696,
18.1876570195,-33.7007729221,-5.15312426735,6.26859686875,-12.9704801161,36.096666201,-12.145877454,-3.32621332436,-1.67699805465,-3.74406804649,-15.7332340388,-8.2303448878,-19.2536148824,
19.1997383234,-35.1237752265,-11.1215205217,3.61245863477,-17.7337402222,41.0039276705,-0.594415953186,6.65086244705,14.4641941695,-1.83746595852,-12.7706930412,5.96536267419,-9.61373159477,
19.6403221541,-36.2255433318,-7.51963890544,4.07876422751,-25.1745395832,35.615169766,-6.94506137293,-1.40731686836,8.10420017872,1.33215758201,-1.49968746761,19.4063323817,-17.7584775417,
19.7080040294,-35.2129769919,-6.27347818629,1.34704371561,-31.2821708139,33.5509766949,-7.37898898278,-5.64100142808,3.85492657191,0.619756691458,-12.5355732052,21.0214657124,-11.9103454871,
19.7182070739,-37.4590586797,-5.42448295897,6.68414472497,-22.7171118352,35.926860461,-9.11050308463,-9.80489590186,-1.12206579815,-7.25987404405,-11.5250573332,20.135685185,-4.6342310143,
19.5443466751,-34.5629836033,-3.54300931887,9.4460455211,-24.2721464732,35.7219562244,-6.58093957845,-7.02554221312,2.31052317061,-8.33722409529,-1.97342861524,8.9296754834,-14.5362009573,
18.2835911018,-36.7546038711,-7.34745223263,1.02608630092,-21.465728892,38.3446005686,4.2354623641,7.07388960215,4.89069338127,-1.33479316059,-11.8776142758,-2.82646898587,-13.4664396661,
18.4810667304,-33.8439484561,-5.13707992507,2.40440364129,-28.5534540714,28.87919706,1.37857019,0.119800069379,-0.422120820808,3.91356318634,-12.0353897783,-9.67653461521,-8.64990632461,
18.1510260392,-34.8050765232,-10.5105141287,-1.22793526638,-23.5462066867,27.4489278163,-1.25354357385,3.59682368621,0.0668002619948,16.1408700332,8.13580695251,5.18306550305,-7.3208816625,
17.513706057,-30.8869408487,-11.9392532088,-13.2462516067,-26.4299525077,21.6501473163,-5.99844548624,8.13288527819,-0.866782124073,7.68843583877,-4.82414691468,-0.687904139438,-4.04485017028,
16.7545259474,-24.3347547308,-14.0309885051,-11.1323756683,-28.5989269964,15.5794621874,-11.1583540007,-2.37811655287,-4.43398644631,8.2293863988,-3.67032982885,-7.92595140331,-4.17020354737,
16.0913426665,-21.6974296628,-14.6411684303,-9.64770890468,-34.425270595,10.2506795063,-17.0709057708,4.80742893115,-9.7973898855,4.36349177934,-9.97491759102,-12.5511028112,-6.20172210621,
14.6247368669,-13.0079637709,-13.1073836254,-1.72391581872,-26.2804238179,14.2367798808,-7.03964503015,11.7555076628,10.7513328811,13.7850935453,-1.99224293099,-10.011227514,-4.17838810255,
13.9416639672,1.79638360983,9.70035424877,14.9853583402,-10.9325177987,25.6818816534,4.66735569971,11.8335760724,6.91978191516,-6.02118816219,-1.56659310085,-20.4637202528,-12.4530262404,
15.6823694156,11.378122256,20.0697959374,2.89880158114,-31.4123829825,28.1174401515,-22.5982255104,12.0655638098,11.3357837006,3.39744805813,19.1391376107,-19.8696151324,-5.91347824207,
15.898317175,8.50225160118,20.7378230031,8.57044442075,-24.8974624451,36.2879554977,-25.7374172726,-3.32552051497,2.88710045205,11.4649221634,23.1819070803,7.23401022102,-14.0085927824,
15.5803163492,4.50854617794,18.1004313471,7.08682682826,-25.4235154068,36.7380654933,-6.54583675467,14.5136933352,0.32637572503,3.763460877,18.2520564431,-10.0065192633,-2.7865347836,
16.1601114666,10.8528023433,18.6024393284,-6.97596894794,-39.2139799796,27.658599608,-25.0785356299,-2.75220437994,2.26418931481,13.0317908271,4.20458843942,-30.1234618141,-9.42576133712,
15.6873846131,10.0019894766,16.0311837316,2.24818166535,-31.1504975732,27.2178474743,-19.4245374217,-0.248395480937,21.3362059725,14.3617675688,8.85230268414,2.93853326396,-9.17614789348,
15.2372966648,10.3730223118,19.1814860519,3.88215979065,-27.4700912443,24.2110473205,-15.5760054913,0.926842223749,4.08042718186,17.9448006003,10.8234805759,-3.51997650529,-4.49788612647,
14.9692020358,13.4709672159,14.5511149361,2.18042955062,-21.6325260267,8.46021935267,-19.375618051,-9.52660405313,4.57173043373,5.00336725005,6.07000519115,-16.0004159532,-9.56809099088,
15.1137320574,8.72481806691,18.8918588352,1.15449980881,-32.819463533,18.2253359034,-15.2154817174,-10.7189716262,2.07934465589,22.3291912355,22.2095808599,-5.33024297168,-0.569992269077,
14.7653181423,6.65809405178,22.9453582701,10.3683810606,-27.0259615085,20.573488652,-6.39732437953,-1.10659723019,-8.2439126555,1.11645842435,7.4549010144,3.63491009651,2.41651698054,
14.4879866865,12.9252478153,21.9382307407,8.27084909882,-22.5668702929,9.56355433633,-2.00455814965,-4.43308980589,-3.32813057109,4.6078665574,19.71789006,0.506218120758,-9.77703564338,
14.2633327479,12.4550401524,17.4331028204,3.25311909731,-19.7859386581,7.99853293515,-17.0522465874,0.891317778915,3.55739094558,-4.55425299675,12.3002635689,-2.63432246871,-7.80075278989,
14.1021017922,8.41684166428,16.2170690262,18.4351429869,-8.21807486513,3.42053909852,-5.1207797661,2.02354150197,-2.28094211923,-5.1869157066,4.21390097453,20.9281835612,-1.29568946077,
13.9521126053,10.1492632194,18.2892504461,14.5357746276,0.00860830735078,-3.73625030712,-3.4431063056,10.1634350422,-2.83324409515,3.67098417188,22.3376214904,18.9154482375,-8.29006073995,
13.615799593,10.5558621059,20.208896085,13.9996416848,-2.93499625592,2.93820791089,-1.84495444292,-5.11356874039,-3.48275786542,-3.64771811497,16.6791190424,8.54428083861,-6.96793689508,
13.0880196806,5.78318003248,27.7181036475,17.3082841674,3.36274204733,8.42600625782,8.92422748607,1.31889728369,4.61152192655,0.0471435549192,18.0830023344,8.02896651401,-4.06844313009,
12.776231204,3.66214850674,31.7854286358,15.5519718994,4.56892515791,8.3602983699,6.80556562211,1.4967591212,-2.34685968156,-5.12451493687,13.4499030633,0.300303437583,-3.0794119564,
11.6616618206,1.57804029385,26.9832760084,5.13002683324,0.594492009908,2.12585923786,1.62616056531,4.8430476324,-0.556471787462,-8.68612616918,-2.21225761848,-6.42453064985,-9.07448474138,
11.1716967384,-11.1683950499,23.9394813534,17.5087301274,10.8783489695,6.45409955582,1.15548677982,-6.01944679086,-5.31467887194,-14.8071907587,-10.7539949066,-14.7333384386,-20.1507522341,
10.7579604122,-5.72820810034,23.4510961014,9.52087377554,5.15843698245,5.06120750311,4.73910672509,-6.08919897536,-2.42906638602,-4.980927325,-10.5879978425,-4.90526596068,4.37653089086,
10.6951165968,-7.45421811207,24.8247696306,15.3621756377,3.83552009728,3.28475928594,-1.0692361092,-8.58453047138,0.92079361629,-3.78188047986,-10.5552305807,-14.0259944603,-6.83640441077,
10.5631157696,-16.3530842784,17.9615034565,17.2940249326,12.7315468113,11.0081302197,11.5204439353,5.63419971085,4.54318230048,-7.36644484347,-9.24971454817,-13.2732086078,-11.7628435,
10.5294155891,-11.798534772,22.9181202525,14.9162002958,9.26608071502,11.381020065,8.84439469032,-1.54445830528,-0.00496458709717,-14.5010583522,-14.3249989518,-6.91317459373,-4.6371437649,
10.4482699104,-13.6765185384,22.3799170287,10.7896409045,5.30237489476,10.215320642,6.93321156681,2.41899514772,6.45258245379,1.5052974724,0.234835767143,3.88315232278,-3.12947830022,
10.4250630454,-14.8313872181,14.8555769761,4.10968899294,0.516476081604,2.91980808258,5.30192912151,9.07134894442,6.18065037737,-3.16896826742,-8.96830387017,-10.280058628,-16.004514326,
10.3434921973,-15.4103007347,13.4021851555,-2.9737807584,-4.75948649734,2.07504642676,4.23709618434,-3.94619604763,-1.60977149718,1.46310882897,-0.68662685348,-8.25249852508,-9.63484000528,
10.4474743342,-16.4232075189,5.01688842537,-12.2093796017,-10.3435108079,11.4953352997,20.9511904248,7.71663309466,4.34482990414,5.30629576178,11.0568385352,-2.45091744475,-11.8615250171,
10.4975214057,-10.0831502987,13.0110506704,-3.46001297103,-4.45923165334,9.49147173597,26.0339937358,10.12074968,1.58463365494,-0.30138625982,6.18416579645,1.10341497852,-12.0994985634,
10.5038619845,-8.19763941897,16.2474277709,-2.32947426307,-6.36112041048,3.19613860725,10.1085327847,4.83903269988,10.9846523688,12.4679659341,10.3492619099,2.13937409686,-4.09872325803,
10.5747201996,-10.5012952829,14.3019396815,-3.79610698514,-6.96644755445,5.54773455911,14.1754096034,4.02956047649,14.2897225645,13.9147031258,13.061179342,5.95107747562,-2.15513266618,
10.5465715377,-13.1282375719,4.92666759187,-7.87339549479,-3.34612181523,3.95045759848,7.52224828753,2.84026640984,7.35271140913,2.59826715795,-3.3365196643,-2.21931979148,2.18264194698,
-36.0436533891,0.0,-3.20763172248e-14,0.0,2.39267989553e-13,0.0,-2.05930167027e-13,0.0,3.07279169524e-13,0.0,-3.27769755162e-13,0.0,3.59484803447e-13,
-36.0436533891,0.0,-3.20763172248e-14,0.0,2.39267989553e-13,0.0,-2.05930167027e-13,0.0,3.07279169524e-13,0.0,-3.27769755162e-13,0.0,3.59484803447e-13,
-36.0436533891,0.0,-3.20763172248e-14,0.0,2.39267989553e-13,0.0,-2.05930167027e-13,0.0,3.07279169524e-13,0.0,-3.27769755162e-13,0.0,3.59484803447e-13,
-36.0436533891,0.0,-3.20763172248e-14,0.0,2.39267989553e-13,0.0,-2.05930167027e-13,0.0,3.07279169524e-13,0.0,-3.27769755162e-13,0.0,3.59484803447e-13,
-36.0436533891,0.0,-3.20763172248e-14,0.0,2.39267989553e-13,0.0,-2.05930167027e-13,0.0,3.07279169524e-13,0.0,-3.27769755162e-13,0.0,3.59484803447e-13,
-36.0436533891,0.0,-3.20763172248e-14,0.0,2.39267989553e-13,0.0,-2.05930167027e-13,0.0,3.07279169524e-13,0.0,-3.27769755162e-13,0.0,3.59484803447e-13,
-36.0436533891,0.0,-3.20763172248e-14,0.0,2.39267989553e-13,0.0,-2.05930167027e-13,0.0,3.07279169524e-13,0.0,-3.27769755162e-13,0.0,3.59484803447e-13,
-36.0436533891,0.0,-3.20763172248e-14,0.0,2.39267989553e-13,0.0,-2.05930167027e-13,0.0,3.07279169524e-13,0.0,-3.27769755162e-13,0.0,3.59484803447e-13,
-36.0436533891,0.0,-3.20763172248e-14,0.0,2.39267989553e-13,0.0,-2.05930167027e-13,0.0,3.07279169524e-13,0.0,-3.27769755162e-13,0.0,3.59484803447e-13,
-36.0436533891,0.0,-3.20763172248e-14,0.0,2.39267989553e-13,0.0,-2.05930167027e-13,0.0,3.07279169524e-13,0.0,-3.27769755162e-13,0.0,3.59484803447e-13,
-36.0436533891,0.0,-3.20763172248e-14,0.0,2.39267989553e-13,0.0,-2.05930167027e-13,0.0,3.07279169524e-13,0.0,-3.27769755162e-13,0.0,3.59484803447e-13,
