-36.0436533891,0.0,-3.20763172248e-14,0.0,2.39267989553e-13,0.0,-2.05930167027e-13,0.0,3.07279169524e-13,0.0,-3.27769755162e-13,0.0,3.59484803447e-13,
-36.0436533891,0.0,-3.20763172248e-14,0.0,2.39267989553e-13,0.0,-2.05930167027e-13,0.0,3.07279169524e-13,0.0,-3.27769755162e-13,0.0,3.59484803447e-13,
-36.0436533891,0.0,-3.20763172248e-14,0.0,2.39267989553e-13,0.0,-2.05930167027e-13,0.0,3.07279169524e-13,0.0,-3.27769755162e-13,0.0,3.59484803447e-13,
-36.0436533891,0.0,-3.20763172248e-14,0.0,2.39267989553e-13,0.0,-2.05930167027e-13,0.0,3.07279169524e-13,0.0,-3.27769755162e-13,0.0,3.59484803447e-13,
8.50122315325,-19.7621538055,12.4421844969,3.31456687458,-0.887973243315,1.08551882025,4.73749290343,2.53340723226,7.16068000408,0.16202158812,-0.774778586973,0.195499174998,-4.11038797541,
10.2541784443,-24.2918982043,14.1378935467,8.60176075565,7.69187843412,5.66080767976,8.23482194097,0.87408013872,10.2118050727,5.48970668898,7.57180186012,8.78096723407,7.97901321831,
10.2878868906,-24.8283386298,13.7337940026,9.63517367833,12.6582547184,15.6425825191,18.8122342262,7.1390285547,1.96841041315,-2.17757799807,3.41340815128,6.11667260482,9.62792740338,
10.3143825887,-27.1619694609,13.2005135725,5.542786725,2.90407927249,6.8809304108,5.16945971392,-0.95072190061,1.22201631695,-0.89315234771,6.17687425201,14.2162776953,14.7484062106,
10.3654842613,-27.3939551866,12.7482517973,7.9020138784,9.2377833846,11.5037727197,7.0910762411,5.15535913535,14.4618326554,-1.18459527729,-9.45816309997,3.05193339508,10.589574537,
10.3078479457,-23.3900190373,13.8447164167,5.85019732956,8.35158276643,9.61659175104,17.4475372693,10.3257477577,7.60528799444,-2.0331176861,1.12815791201,8.35970437877,7.57007502942,
10.2614892447,-27.2061684988,11.7430180464,3.89990756128,6.1485948486,9.16295639271,13.8917690443,6.85473745065,6.60981275293,6.61113188058,7.76204897246,14.3648759884,14.8488358099,
10.2358689093,-23.8045485916,12.6167606799,10.1907173847,8.10920703547,10.346951901,9.38619254994,5.4420572798,13.7720805385,11.477849237,9.42928996191,2.48435146633,12.715421401,
10.3291491371,-26.027225857,10.4401939397,6.72377421209,9.21040124459,20.7386291557,19.5695409861,6.61591028477,8.27349587227,2.5255576964,4.46750776215,1.07571233942,11.4344899725,
10.3229507968,-28.7987772585,11.0358503825,1.63486590993,1.09647495153,2.05077797662,12.5840628854,11.7139756839,11.7130200616,7.52998274686,6.32368997782,5.11569374652,4.20347208839,
10.3856967871,-21.3777128564,16.6033313353,9.31022360992,11.7130697003,13.9895633396,14.4679257997,6.1216801733,11.7266786333,5.72697633538,5.28383082369,6.81146319625,0.983376524483,
10.2841546072,-20.2980556728,15.0921075928,4.65712866439,7.24425557148,13.160325519,10.3332738175,-0.603807234477,12.3257778144,14.4854743565,9.20055870348,10.7890613051,9.62322041165,
10.1230907865,-26.774152916,9.2620714805,6.18200729837,12.0859934866,4.41051927049,2.66190735026,-2.79257425981,-3.70449203458,-2.89375884309,6.20748728203,10.0855438974,13.1166486444,
10.3678669746,-24.9374200097,14.7950102704,15.2599187685,16.6636619089,10.9964837816,6.02779712102,4.97455774581,5.17438308333,-0.120475717211,-1.91794453118,0.087558513353,10.9786826311,
10.2464722542,-27.4821313924,9.68085730975,2.69751713082,6.53000442258,15.8159575115,10.5142525735,0.0413592405404,14.5537979819,12.6976994182,10.9404738378,14.2537063463,13.1641682464,
10.1754848067,-23.7721283158,11.2561551477,7.84262566643,5.81330538792,8.18006166408,12.3826468696,3.65493680515,10.6974984711,5.73092488929,3.57249235928,2.0347747911,3.85999557811,
10.1717098587,-21.9375122878,17.9170283373,15.6177837525,7.77729073719,8.65740409468,5.46160819979,-2.65700230107,9.36900530152,3.58586361791,6.83063774788,10.8978288118,2.92010059687,
10.3229138671,-26.9785520132,7.62100346077,5.1414758097,6.82587177875,7.13598772809,11.3541072587,5.12007909494,9.91355282044,5.14775601701,0.462614341016,5.1951860024,7.56945271557,
10.3529593957,-23.2757372748,14.0402294513,8.63284333657,2.72929656387,2.1458107632,4.42621934593,-4.1507158352,1.08463564258,-4.63261862761,3.24625589475,10.5477768435,10.4834302048,
10.31299506,-26.9349114016,6.44193673722,1.66517977155,1.36526134364,6.10355331514,10.5018924835,-0.226391508513,4.5337277115,5.96085244584,0.122368997805,-0.136499895905,6.94327994011,
10.3321566486,-20.5637931877,4.78822715294,-1.30341873796,5.93619777506,20.3240039037,19.4477688926,5.04673794924,10.6635245888,10.6073564437,11.762183958,7.15895177314,5.06924524572,
13.1791745583,-6.53636575673,-21.7333911593,-2.47615414624,4.28525962858,5.03621306325,26.1619432628,-14.1457431111,-26.5374305256,7.57225091533,14.7728116136,9.27962788317,15.4399929259,
15.8182012191,-9.68328385813,-33.8552423011,9.09812000979,-10.2592724563,10.0445810541,10.9144666094,-13.0957993087,-24.9469116203,6.8660097423,3.74027017648,-3.66402073514,11.1779952257,
17.4406449842,-12.2421416926,-32.5223502263,32.5724967394,14.3282806942,42.0831402018,19.9824267514,-14.5737460552,-44.1654740481,6.99074190698,8.81786857398,-1.20921336565,6.39429268548,
17.8994823241,-10.8428406132,-26.6725101751,36.9796787814,15.1589348792,39.3509390117,1.68652271238,-27.1527654936,-38.966198765,11.9190496166,12.8690783872,-5.52362707184,2.12396860345,
18.924298246,-10.8449126202,-28.5014102876,34.1096983016,13.6054390578,35.9680550365,6.25160046496,-30.1780984874,-28.9591399712,7.07278427127,9.79720644759,-10.430113039,7.1668885126,
19.3382445061,-11.2828262224,-29.7544579448,31.7952778552,9.78026541799,29.4940538494,-1.43926964455,-27.1588650831,-41.2210850309,8.46799713918,11.3472873808,-9.82329223572,6.78060326745,
19.2038955106,-11.8746405733,-26.3610958552,33.4958906535,11.9088752096,30.4883657924,-0.107259076745,-21.0375066445,-31.0430438535,3.9952849059,10.9506683944,-10.9260383832,5.499603602,
19.1025784926,-4.99814076695,-23.0785305242,25.7039582956,-0.530331952989,23.7378236818,8.82051129735,-14.754538863,-14.0208127949,5.95481133269,3.13884615866,-26.5446045195,6.40954599378,
18.9096256585,-5.79991193995,-20.2479317711,34.9878568046,-0.429267080557,28.9582548358,0.369764112384,-31.6443017911,-24.3039468649,1.66646568784,2.77955820111,-12.8801011332,-2.47823113614,
18.5163826212,-2.38608886894,-11.9962878618,28.9606718384,-8.70033956454,36.2291980238,-10.4792852484,-42.2519008972,-22.8883046747,3.75977988669,13.451954526,-22.7625773164,1.92676687227,
18.5544517153,-3.65905602416,-8.07159488379,28.8111909093,-11.6258425465,37.8533980019,-4.03155533022,-42.7412314544,-26.2653167751,4.99610051871,16.5594609806,-14.6319638483,-8.09730189711,
18.8183514834,-6.75804888726,-8.20427655351,25.2957749288,-11.2627226183,57.2664978816,-3.99174821752,-37.8092158332,-42.1741016078,-10.9528072951,12.9520350784,0.934713434213,5.33355988746,
19.0451048125,-7.04728391746,0.584563132975,17.4462953201,-24.6258759258,56.3066707406,-3.24396092303,-34.862963314,-25.1620779675,-16.1418574929,14.0557523024,1.28875747192,3.03498148528,
17.1632919812,-6.78502709042,4.71592571559,15.0264215482,-18.3839720431,31.4212640073,-12.9038908272,-21.7093195452,-27.2354434068,-19.8587157112,10.3462916888,-0.877896727645,-6.10871744845,
15.0948076318,0.0710906314773,15.1891193284,15.8698195172,-2.9933017926,36.0482110474,-3.06313182149,-11.4084469725,-12.2336543416,-15.9258435426,-7.08667871847,-7.70668200394,-4.27076092036,
14.031130246,-3.79144275453,15.7449566626,21.4729570119,4.37474515571,41.9458540017,11.605411979,-12.0698193505,-2.31776321122,-13.3799965961,-1.41024325142,-2.87709344629,-7.86437263063,
12.8295854981,-2.47182750389,17.336860942,16.637118299,3.75775794503,25.4682667903,0.851806883207,-10.0902918932,-10.9687884952,-6.2259355778,6.57059086339,-5.45809315007,-12.0808269206,
12.6119883484,-8.39090336243,20.6111843525,23.7471246164,13.2137519387,29.7306352035,5.6468633548,-9.78451938757,-22.6019363681,-7.58589524722,-0.597843737269,-7.26067465177,-7.86805044576,
11.2826786306,-8.54961472641,15.5512586014,10.8024951357,-4.74778683141,8.37305497302,-7.06435965073,-9.66060910021,-11.9528843208,-14.8567722072,-4.75413861454,-5.36892548221,-9.18173825646,
10.6322551005,-9.86248029185,23.1240231266,17.5565449494,8.52440433093,12.7915625572,6.90808544519,-2.24644346096,-7.42835966055,-14.2241842427,-2.61652927962,-4.63591488418,-7.85308201329,
16.5725544411,-13.4507125222,-22.9793468969,-4.08102392327,-17.2039537592,22.8252904641,-3.55121974853,-10.629171068,-15.9435307822,-0.265901850187,-8.86057970466,-20.9544269096,-22.110869128,
17.3312003211,-5.77204690127,-12.0882904418,-4.75056109698,4.89326678228,23.7516662541,11.5075507166,-22.6464400764,-16.5655901018,-5.50246009393,-6.87176986113,8.63970083674,-1.55561061552,
16.4510472499,4.76203882412,4.11812217344,16.0402629075,-12.0799331623,44.6058690933,-14.6704777854,-8.33748724357,-26.3998116055,-16.7914519211,18.8991322553,-6.42634323782,-2.25986247858,
17.1951568528,4.55153820259,-3.47296519797,13.549075682,-8.39179355248,42.9021679174,-13.785441957,-16.1272434198,-37.4813470744,4.68991266749,6.75744750299,-5.28818269132,-3.76536220643,
17.5841317841,0.91946359005,-3.1546629045,15.4742231955,-12.4175951143,46.7530387612,-28.1414475163,-16.3376292503,-29.3187534667,-4.65781911867,8.01634604369,-1.40742248333,-8.94930715599,
17.5947221474,-0.952191467703,0.96534363546,18.0163368144,-12.3451357016,52.3982778545,-30.0114643163,-24.031853386,-32.050638244,-1.27834098832,13.2593622137,1.06455616263,-7.41413880313,
17.4931693648,-0.0645809858853,1.55069870771,17.6909503398,-19.3762033601,44.2089338183,-16.1087975774,-21.0479591318,-27.6790097924,1.67881073606,11.557553537,0.686394675132,-11.3473194197,
17.2489890044,2.31683666919,0.974329066738,10.7110035399,-17.3746567861,39.326773609,-20.9739549392,-16.9397270551,-16.7021899928,6.37963294407,2.2563659271,6.73748775369,-13.0857009915,
16.6387438565,-1.5335236681,0.239650734149,24.6222817262,-5.29334539917,30.6948981506,-20.9264564784,-15.9874188341,-10.0491997022,24.5365795024,3.61174921215,-2.37783260394,-12.3860012788,
16.145560562,0.885836302765,-1.59621780485,16.2217275767,-10.2301740206,25.2988719452,-10.9608581289,-0.955983207772,-11.8299999389,5.96329178633,5.64239442206,-4.81059206213,-4.140644812,
16.0557427034,-0.0376910220336,-6.30835019779,18.9857860014,-1.77049883844,22.7586482922,-14.8374909356,-1.55945676787,2.28332522497,-0.713627387164,-0.224292555241,-6.37735757471,-13.3837706853,
15.6241090131,-6.60286587584,-8.48174349283,17.0689265998,-5.37608804611,19.2229021342,-12.3130554338,12.7739287011,-3.45265788491,-4.14785318717,-5.71547355272,-1.47504797898,-1.09109216315,
15.0736748888,-8.76517641208,-0.270749922081,20.3082027778,-6.60509463019,24.4402732122,-12.6997089148,12.8596713606,-2.86068768334,-5.37802078432,-11.2527409407,-7.9765500304,2.11336433309,
15.3279987587,-3.52550457711,6.28118419054,22.2918722155,-5.19607293534,19.1766551705,-17.8901334784,9.68882167546,-13.7632140829,0.319610384226,-11.3423761961,-8.56252642599,-6.44163173206,
14.9141162107,2.24726881636,3.63347662039,14.8641109755,-3.59879708357,16.4608711735,-23.9848357194,-1.63131055415,-2.41901751818,8.37571677612,4.44388863776,-6.94514099964,-10.6034700582,
14.8362550498,3.44170439257,5.26607488993,16.7490834762,0.36411557642,21.3843322763,-18.8483545876,-8.95975199815,8.23153279102,1.28108327516,-14.4541871586,-14.6486007469,-17.52061367,
13.1795498768,6.62613841396,30.3263046733,20.4447289927,18.6556827278,15.5421521314,5.52062563768,-5.51399487499,-6.7311716415,-22.1565414739,-21.5012394363,-10.3373266955,6.27896303956,
12.9642888843,5.70883818536,32.9093538826,21.7093658514,17.996997187,12.0464458072,2.83745654282,-8.25878549944,-7.66274209392,-14.4604889517,-17.1355605754,-11.3585082496,-3.742433468,
13.0082686635,10.3057436582,27.6790724627,7.66461267263,8.76454373065,5.35108458339,2.24059059936,-4.39995579472,-5.18870531755,-8.98098821168,-5.51496321458,-3.11972399288,0.816985309169,
12.8939932455,5.02329118405,34.9215906566,22.4279641115,14.7893667375,9.16006579339,15.2883761629,0.407960891715,-2.54372236688,-8.5180645484,-15.8614482654,-3.43313702364,-4.02593082658,
12.9322733843,1.87917847681,39.8720900214,26.0165282332,22.2281173827,20.0077740154,9.94326397166,-2.89251697368,-5.40366781399,-6.981389913,-14.240307171,-11.5677205207,-4.08984787041,
15.3084877865,-3.68186696026,4.23516081206,1.51614420174,17.6584276228,37.1969836011,-16.2958769844,-7.05150017873,-17.0865470953,27.9201313495,-12.2380160601,-12.9456092399,-14.4741400822,
15.8667764638,-8.14607556484,9.62095486921,16.4792087204,13.3752257238,43.8390683825,-13.5898645008,-11.7419343032,-27.5726728995,16.2466062544,-11.6857487813,-5.98234069672,-6.31601921929,
15.6700999541,-5.9432977275,7.69702038395,30.4565855712,11.3139575132,50.7861953412,-15.3608588883,-12.5129692537,-25.1110202102,12.9378788026,-1.75033910681,-22.3343771471,-13.782003045,
15.4047196181,-1.35890050987,3.27477091867,34.423614015,14.9432442838,44.2165171792,-10.1526689077,-30.3540738672,-19.4769834984,0.0360220585947,-0.844972500085,-10.3576393772,-12.0301728304,
15.2943928066,6.52500847733,3.51826819571,20.2929710431,-0.50857008205,37.9001934554,1.03237345062,-29.3579685581,-19.9918328802,9.11096570853,14.7990608364,-6.75308660925,-17.799750477,
15.4046291825,5.71343766591,5.24798248648,26.3796188356,17.1912133168,45.0116224228,1.83426093791,-31.5180900692,-32.107281273,-2.33415696555,17.1213219842,6.24203274537,-16.8647457138,
15.1889653361,10.0448842498,5.01466015364,13.1787199125,-5.36200501344,33.9945325374,15.4449165251,-14.0661286735,-22.4003417838,-15.9948930574,7.70786932202,9.50052365916,-17.7329876988,
14.9241475317,3.71408711761,6.84596212669,22.9991594863,0.0396326653554,42.9794131991,18.0967875191,-21.4781957968,-23.9786717874,-26.2277129534,-9.5479098118,3.75110742579,-9.65150991213,
13.7886876762,0.215756332607,12.3747683349,29.1451909502,-6.42749941162,19.4222136407,10.8761398789,-21.1845384084,-9.41671914199,-14.1719169273,-11.6490145674,6.87802215089,2.31766419091,
13.1078006669,3.63413591968,30.9800925338,19.7064528054,22.4903597188,27.4856371419,14.6606176414,-14.1209366457,-26.3076464944,-29.5817845469,-1.86670276886,9.47672116367,-4.29026370453,
11.5135006115,-4.08457796998,27.2322342869,14.7070949255,20.3432749055,20.4546153928,9.0165265697,-16.9491450856,-23.3828705292,-26.7795055052,-17.3780179617,-3.69249140988,-0.395256309247,
10.6800153462,-9.35287655433,25.8160308171,11.999377733,6.26583983237,10.7895234736,5.79782788829,-9.01770016119,-15.8492471523,-26.4959678223,-18.263146353,-2.70435228638,4.25269550719,
13.4273535187,-4.17972864452,-6.73991657241,-6.50414105422,-22.726764577,5.98099215463,4.93334152683,15.622897147,7.17420132822,-1.23784373153,-5.44520947897,6.95166929472,-1.31874226636,
16.0051851402,-16.5110909937,-5.93840845617,-11.271819608,-41.9397677972,7.21740563722,-6.92408640748,11.0277995857,14.7160045744,-17.1147685542,-20.6719393601,1.70660855809,-13.5821478351,
15.7911805111,-23.9352354241,-0.250611803956,0.655042620037,-38.3842290908,13.9122395219,-0.318147394928,2.11313959875,14.2733937132,-20.1007641802,-26.6345588817,-6.10040189649,-13.6527604531,
14.5650481628,-14.8496372184,0.200863957372,1.84601697155,-32.4031029778,15.9647508857,-2.42754480648,6.72305220011,24.1787406398,-6.10816172648,-22.5785793746,-6.66788397548,-7.37641124779,
13.6221534092,-9.35420978252,-0.841869128807,0.432300040718,-35.0153858629,10.5431139959,-0.381858381001,1.36344103394,17.4578745884,-7.41308686554,-10.5133713652,-7.11769120145,-2.41312508865,
14.7021829847,11.4716001763,5.72189049137,17.837241712,-4.061191888,1.20719532949,-16.6762972154,-3.34507582149,1.13023285315,-21.8506417653,12.8407534402,10.7852738767,-6.86235939114,
15.2037578698,10.2707491017,12.0246683594,18.9339362552,-6.43724371385,3.56636397541,-23.2187907697,6.07384063478,-3.63719025191,-5.6244366137,23.058703166,21.2690259904,-18.9833914176,
15.4965915889,15.7744987988,12.3667717026,15.0791393137,-1.38099451832,4.54258219872,-20.9284909537,-4.46837319725,4.38234426476,-16.151027999,19.2917909367,8.72915349835,-26.1027142734,
15.5207205526,16.4502834224,11.6384458959,14.700536251,-1.42964169656,2.40882943341,-21.6589510708,-8.00495193738,2.76347587573,-20.3988490101,25.4817746766,17.5251255505,-33.5963504834,
15.7239283186,13.7895000288,14.8359981574,6.66258709577,-9.84385583751,22.9414157668,-28.3060871022,-19.4897779959,6.07158242224,0.937684253225,14.2168255974,23.7471756926,-14.0480827002,
15.8402621142,15.8909658153,17.1128407121,9.19538466987,-9.8686100672,15.0140186065,-24.2370591113,-6.06637886951,-1.74855148475,-10.6650444072,34.707979291,22.0137247394,-27.8115105031,
15.9292488172,13.3712375838,23.833280595,9.22264003683,-16.9928364168,13.9349706997,-20.3669900605,-9.03656249082,4.68713698446,-8.04889013672,9.61009021388,24.5968538112,-38.7158269858,
15.7585452928,11.9052515061,19.0920706798,5.03830676917,-20.0699835354,6.70646782488,-11.603629076,-8.09344773026,2.9051348445,-15.1014029831,-4.77875551731,8.73131414741,-21.7946301671,
15.1890494912,8.65766980602,18.0010953292,19.1483939752,-8.71669554443,22.31489066,-5.99335206674,-11.5924663283,0.723556303783,-16.8189694365,1.62082884364,6.03437283555,-47.5090834029,
14.4178880625,13.0518671858,19.5835292942,17.0672250614,4.66439336891,3.66430647729,-2.51723719256,7.86637354417,-8.2706544299,-22.169125852,7.09285660805,7.29656826834,-12.3201720748,
13.0736303216,5.55413530587,33.9891684164,21.1911486195,7.6931914247,1.09672304899,-1.85115902936,-2.39472253028,1.7781364517,-9.81570116673,-4.8248882868,-7.83482795132,-21.2550221818,
12.7428003424,7.4619847617,35.6727907679,16.6426086253,7.01897087888,1.95537794458,4.00435157297,-5.17968159805,0.208384787001,-7.21609167219,-6.6356505788,-3.10799962184,-9.03168085159,
12.5664194147,5.60476042543,30.4406258588,10.9901408836,6.57734988689,5.07136324575,2.16761592825,-10.2285602153,-4.51737594359,-11.1333858312,-13.041322451,-11.2859596434,-3.49036738478,
11.6541433044,-0.244660890965,28.2977504445,8.93396495159,2.66746038095,3.93906696343,0.70189689476,-3.22183926542,0.288354944501,-3.51357886747,-4.5273534593,-1.42739618451,3.15447580076,
11.8098812303,-8.62243482887,20.2505957227,7.47062800528,5.64308255912,-0.65425607808,-4.41239319927,-10.9567480015,-2.94916159736,-21.5142074884,-22.532130189,-29.5764524211,-28.6947707824,
15.2858775708,-13.5769756068,-12.5058416085,-5.61505690245,-13.2185506928,3.64239801703,-15.3407079451,-1.75090380161,-4.3726711211,-12.1815612015,-6.40454795784,13.5915717877,-8.48284471755,
14.9346087959,-5.5613625375,1.40501286565,9.91164510503,-10.8113639269,16.3719521817,-9.07440540814,12.3016536576,-11.0041162525,-2.85778370289,0.982780742937,12.3215867128,-5.92742698199,
14.157477071,-12.5136790714,20.97362356,14.373329595,-17.2773843955,25.4361082409,-10.3279190884,12.5223276664,-8.83161628444,2.47326450933,6.18605524302,20.7889689041,-9.48242541104,
14.5454206969,-14.2050853848,19.7014514608,13.855242708,-13.9795964224,29.1039781031,-9.36202085914,6.96860777996,-31.9781832047,-4.93383865056,13.7706659232,3.50996712627,-13.5108266243,
13.7162159221,-18.688209206,16.7644104115,8.81181605135,1.38185803649,35.9947888565,-11.596779325,8.74463487379,-30.9517341603,-3.06271488426,3.89404066328,10.9225179593,-1.99565286137,
13.8755611077,-13.3061683117,8.83118618384,13.998846189,-1.79219780755,27.8406686317,-8.50922279629,10.0543020026,-13.2394412815,1.17299104529,14.2293474586,28.6410139222,-11.1686657956,
14.2229817729,-15.9505260214,5.97182940931,12.8321734548,-20.4430562693,19.1777027757,-4.12524876621,10.4103512139,-22.7232935773,-5.73657282405,19.7154885527,21.3614563012,-4.20526560976,
14.103665114,-13.6489685763,-0.0289237962458,-0.685973271995,-12.7715889453,20.0852525382,-13.4945351689,13.2328768738,-19.8427672567,2.2653081976,17.4298600688,23.8055671141,3.38654257149,
13.2950953466,0.553154665361,14.4318447737,22.8719922906,26.6974520682,20.3287793971,6.57977078954,10.1953005613,-12.3069324127,-5.96565469472,21.1078780495,0.355982959683,-9.07090755519,
13.7337524893,4.14699875662,18.3644578592,18.3100194152,20.6746661918,13.8356828835,7.84634968561,3.5081340297,-28.0252014122,-24.821845333,0.466553313903,6.57136495765,-13.7565283505,
14.5145246876,11.2912765601,22.545537944,19.6404115365,14.1589787841,11.982289944,8.72378771829,7.14936818041,-15.183018739,-12.857358199,11.6984437371,5.26387778933,-10.3032365664,
14.75777615,9.70310185109,13.0998220298,20.1376711761,24.5007918686,21.9289677636,5.11128065666,7.67700005293,-21.4455434842,-22.3379664818,16.0572499034,3.62291371647,-21.7002253252,
14.6390688872,7.50916430492,15.2339751924,23.0612684049,16.8169391383,8.04742588197,-12.6302440324,2.27031590867,-4.61981839957,-18.0136205979,10.4850882965,0.512216132473,-5.21673784961,
15.0812089692,-1.20614359951,18.8980695562,13.6289819024,9.53586971965,16.845461163,4.73812763486,4.75272180722,-12.4606574677,-17.3296624194,3.31194266932,8.30996141233,-16.6358065674,
15.7358277305,3.265804409,20.0997413618,12.2837358975,-9.5405885664,12.9109610969,-6.84421033374,19.7438764868,-3.24879999519,-20.7065011162,-2.87061276979,14.9527958836,-10.1920300058,
16.5660457594,1.17206541254,16.0350130258,10.6031910285,-30.3467281556,27.8361856429,-12.8433123621,8.75314515277,7.97572200994,-5.30839933023,-15.9103739548,8.67745885739,-3.90170697145,
16.6883685759,3.23880892792,11.3974954968,12.4366141893,-37.5163261592,27.741776204,-13.6226072433,13.2141384276,8.55638298439,2.71740531879,-6.67598750773,-4.75850292875,7.42296752064,
16.4943664734,4.48344729017,13.7424679893,13.6245959099,-38.0048771875,19.3651507458,-15.3345949773,17.9171223986,18.7282238835,4.19519374923,-7.14238729647,-5.82998557112,-3.1983017015,
16.3231496549,6.15702119827,15.7912762742,8.65807909684,-39.500128308,21.8523883933,-9.48578471094,8.13293160533,18.4320484206,-0.0837168658143,-0.566760045731,-6.32373898905,-5.66948955399,
15.9565764074,10.6346225388,18.4492023525,8.74559723939,-32.0051618961,23.3880388751,-8.70315528817,1.18454216755,15.7396149492,3.22823851778,-0.214211425721,-13.2357929759,-7.6827863755,
16.3697607005,7.43455809601,20.9267787764,13.4613252093,-28.9966168612,18.407938669,-19.6811254702,8.35092020024,16.5236058722,-20.2817956176,10.4315322012,-7.66477179518,-11.6306022705,
16.3855909715,3.98579466171,4.56017655034,12.4296232226,-19.9933260139,23.9457817698,-9.04120286419,6.97291945697,22.1694768349,-17.5496644036,9.71695542603,5.14272492319,-7.17873415748,
16.6546446,9.34244174757,13.1668047818,21.046089879,-26.2094434515,18.1840282533,-25.0485016858,12.8122203192,17.4696260356,-34.897962642,30.1570692748,-1.23277738209,-34.745756665,
16.4570827391,9.6901658819,16.9826133924,22.4890299546,-23.9582011801,18.6178990179,-28.879328206,14.1637287633,20.1221806237,-31.4119292719,20.2214814013,2.90293115806,-29.1566121028,
16.3550848699,7.97983431376,13.1774472567,25.9093606351,-22.694664637,22.5041257796,-23.2357262018,7.59485671457,19.739843525,-21.8466629106,24.843486423,0.370295641283,-31.1715770577,
16.4323172956,-1.87764568782,3.84600645692,35.8154297577,-17.464329699,22.9481434414,-20.6325722396,3.15698461284,19.3394472072,-11.1976316936,0.472321097062,-6.12164485846,-5.14915049296,
18.2961604628,-16.8173070973,-3.30273744604,34.0491859733,-16.8678482529,35.8951934945,-9.34805902477,12.4446240448,14.8956767396,-8.17045801856,-8.58560398473,-8.82892662988,-6.9888595787,
19.4855821955,-34.5109428887,-14.7574495476,24.2648265901,-17.2461769757,21.2820455816,-14.4461009431,-5.86708596579,9.26467874862,-16.5692620108,-13.1255513317,-5.60783040345,-0.19390433638,
20.1877099751,-36.5046124289,-16.6726293952,28.2381204661,-14.891081457,27.1173907061,-15.1060087649,6.65433081805,16.4870330619,-19.5056284447,-19.6318287081,-9.82776351031,-8.48248548842,
20.0256710801,-39.7971656232,-21.170765059,16.58327173,-15.1095516306,28.0491368622,-9.49665115772,-12.2710320363,5.96561201874,-12.083872301,-8.03416915731,0.656699720532,1.37606268849,
19.1199353831,-29.5824225853,-17.6471770172,17.7521158726,-12.153082686,26.0423159166,-11.4443337611,-6.72732307747,15.4652991272,0.0143811007161,7.02556541318,-0.964480741382,-6.14747493009,
16.6968098336,-24.7992472951,-17.1219048763,7.5681474401,-3.04228975827,33.2733918369,-8.11981388937,-1.57130182363,1.59127431017,10.0768361654,12.3244575023,-11.8984957052,-11.1039807107,
14.4230230851,-24.8007546979,-10.9824479704,12.1858561801,1.13219188395,22.4976864029,-11.5654963996,-21.8434076926,-17.5972078632,-19.2932123002,3.60931776347,0.331850494182,3.82530364453,
10.7706622043,-9.71629670512,4.95235248734,4.86149623116,16.3028623828,16.1919474179,-6.11482330923,-24.7263950775,-19.5678400861,-23.0639195415,4.54668639152,5.35531403684,-9.62864287741,
10.4724127608,-11.2237768824,17.1593033056,6.52747098275,9.58583201636,1.90333661357,-6.81175669112,-11.548714164,-15.2500249714,-27.3198198347,-12.149569624,-3.53777016872,-9.33214959654,
14.9854987142,-17.9633908475,-15.7398922761,8.61122815393,5.54067747764,53.9403779406,-15.3770587078,-19.3551332817,-15.3616364053,-2.5418446476,5.63724332799,-18.676628606,-8.53805586762,
14.8653223398,-14.3043193215,-7.32849291241,7.50220546975,8.25913291894,66.5077743306,-9.03141216913,-23.7231849365,-20.4203801051,-0.993437573099,11.4966995671,-9.44945250449,-8.76817138417,
10.7237900978,-11.5420563921,0.371596479004,-14.3054772779,15.0244443542,23.2154030586,-1.31815026222,-26.3057124743,-26.9758531147,-13.4941039544,1.46443606784,-7.77784065851,-14.5311844203,
17.032675487,-18.2069512357,-11.3358121018,28.1332562323,-4.52366631639,48.6100623416,-12.3825837595,-26.8083382203,-25.3570084918,-8.12625624986,1.22959713169,-17.2548715479,-3.81984989951,
17.2737492186,-11.9813124907,-6.19625123154,20.0685934808,0.275807331204,57.6728248237,-21.2385567277,-37.1758579295,-21.9500443842,-15.5971336294,18.2839093754,0.548155353941,-1.78985523882,
17.0014810161,-4.09351692516,-1.73949617522,24.7897109404,4.67032682264,51.2212529667,-19.2910215088,-26.8723883985,-17.7753391806,-3.11260515255,5.82547276933,9.53103229562,-4.83604281647,
16.686360916,-5.53069855923,-2.75953790814,27.2438020893,15.6461770499,57.6696080365,-15.0808788399,-35.2288204938,-28.1162632344,-19.1881250755,-4.67942203662,-3.84341474383,-10.5040719083,
17.7354403109,-8.42014493337,-0.581869381125,33.0613765965,-2.9218944463,53.4662935522,-22.7224739997,-29.0942984921,-21.9500803588,-16.6176468129,2.22223372169,12.8732624446,-23.9655844095,
16.5719339589,-5.16252875596,1.91776645527,27.8087272621,-1.19811711944,47.910947295,-10.4201112496,-21.4758334881,-26.1705894384,7.83933417537,-3.41150480018,10.4004128529,-16.3168007577,
16.8311931731,-3.68104450842,-0.199696273042,29.8573852809,-3.39247531707,49.7412401242,-21.3156205363,-13.2495852014,-10.0583948757,3.09098808032,4.01353087354,10.2062154761,-16.2534480796,
16.5174305542,-7.43122398791,0.898562084354,32.3320351009,11.5405181596,49.5107361357,-8.53534915573,-28.7074192367,-26.8100186387,-18.1833960518,-6.55055270421,-0.962305216451,-22.0356762217,
15.9991980629,-4.44886617776,2.66679634216,35.3052653169,8.73769472297,39.0657275981,-22.4400417469,-21.3320332882,-18.071335974,-6.42764711039,-15.4108496017,-4.18648430616,-23.7993432087,
16.5707188054,-5.885472001,2.65159649213,39.0414303035,0.0110398433932,46.1618423641,-12.414768913,-27.4067616078,-13.6490300257,-4.23326850989,0.717250284687,-2.06404621334,-22.7364620461,
15.7371993009,-1.59027899188,5.71211001382,22.8146155249,-17.4948164921,25.9653921234,-2.49039755432,-16.069914398,-3.16784178798,-8.3157834185,1.79141772451,2.67480629385,-13.1005418365,
16.1687927355,-4.59122385728,5.14942718257,41.6952149091,6.06705574237,45.3184329097,-21.8931398169,-36.5808273506,-10.2655282353,-16.5817472074,1.10244218023,4.99170859773,-27.9969482879,
15.5137836348,-1.06021867066,5.01253993213,34.9737051407,-2.90026007881,29.1972195407,-12.5795898277,-20.3512454212,-2.00626783198,-10.0501051267,-3.76812154775,6.15981954117,-16.8986896334,
14.8923522027,-0.594886207256,3.49444033749,31.5023192422,7.99245071703,31.6049246466,-19.0449989791,-16.0675406725,-13.5547478179,5.47248572678,-4.03727851295,-0.616737411127,-9.86789459338,
14.5181971116,2.16896934997,6.36859035445,20.7243553877,0.700016744204,22.901900254,-21.6144833807,-16.5740574481,-0.0732987040276,-1.79006603325,1.11885400513,-9.03487153284,-7.39035389624,
15.2106819447,-7.11207464261,2.155098039,39.5833878927,10.8843239612,37.2999978482,-23.3603053688,-29.9719753343,-7.89162847248,-9.36797376821,-10.3797531638,-6.08177340852,-17.9187237258,
15.313318512,-9.65216652164,4.1006877856,41.0966877417,14.5924381449,44.9240843519,-21.6747657422,-19.486781985,-2.88858667606,-17.8213467801,-6.17418069358,9.62170312559,-18.9354726483,
14.8991211263,-3.95619675823,0.838291888081,24.2688174444,-14.837147143,29.4609049342,-7.90052522328,-6.45165384955,8.58730041628,-5.79987715471,5.02344301663,13.9055901613,-8.01402173275,
15.2688151103,-10.212583373,5.77829912541,45.7472111241,11.4716377859,49.0972060719,-5.77964796121,-31.6446477799,-10.687913897,-14.3043955874,-5.49176592371,-4.4039897914,-27.5795982114,
14.6884726921,-4.71246165131,7.3246820089,38.5378817489,18.4436573739,42.2764169004,-21.8341006607,-9.86166509035,-16.3129097608,-6.00260208726,8.07638562333,-14.3504818627,-9.27935175195,
15.8132399303,-0.4278727149,3.08606710813,29.8467228894,-2.21287232999,45.1637460686,-13.7700325005,-15.1285325513,-9.38867279056,-14.752437637,13.8416901845,1.20756292844,-9.27595563748,
15.8885956758,-6.11364109571,1.12190761089,30.1611136696,-16.9338464802,14.9882414819,-11.7480231702,-22.4729133293,-34.3137571329,-10.2778377616,3.12280208911,-11.142262192,-20.7221077356,
15.035238862,-4.3920375828,-10.3831019832,24.0859383154,1.42971842998,40.6962324813,2.89253313826,-11.3400212551,-16.2590761133,8.01745090121,5.23508588876,-2.71378705909,-7.06953402379,
14.1652219061,6.09422512382,-7.80847613413,17.0899939266,23.1805659431,23.588910731,14.526179841,-5.42367514382,-23.2433757187,-7.35033096059,15.9499232943,-13.2943118479,0.977506953174,
14.9453178332,9.99324298442,-15.4538685639,19.7121613905,34.9727351777,13.2657451224,-6.27980189992,-20.6654740251,-15.8618108243,-9.91557584179,4.40483277284,-3.59418897235,-12.8762117893,
14.0894517876,9.41915185126,0.253710150265,15.0866387006,13.685557484,13.7755905722,6.1796788189,-16.5115956638,-23.1833289083,-30.2716993194,-5.42317743178,4.59772054234,-6.59482341724,
15.1838601285,5.53565921785,-14.7600638515,15.6775981797,21.6812703144,34.9741290134,-7.48826973752,-11.6616265465,-11.9978213556,-22.5069486959,11.4333362444,-5.48946854714,-8.01460337948,
14.3150791906,6.54256582998,-4.81296527289,13.1848182934,12.9726313953,23.7740642165,-0.973865525739,-5.74118989866,-10.3692887087,-2.48427097981,0.751838141804,1.94561982221,-4.70483115821,
15.2793215858,5.06682472435,-7.16723176639,15.7574926666,9.9850048229,27.7620626532,-10.5680317556,-16.7941009324,-20.3792086787,-28.9032935467,3.42618187308,-0.567862288868,-23.8488910495,
16.307072148,3.22933107881,-5.9877976185,21.2886397256,10.3535721686,36.5879331294,-22.9964786786,-11.3866923666,-26.8063660236,-30.1440622944,31.920170623,31.1498038761,-17.9956355466,
16.6604406103,4.08772201189,-5.00869321137,26.1452402763,0.452115495965,41.1726553093,-22.1911651119,-21.577146872,-21.3482432471,-28.3406320409,20.3187967129,21.8368745856,-10.5593685351,
16.8176863404,-0.463037093353,-2.1764809859,13.5914798051,-12.9100258089,27.3210855793,-34.1034660575,-14.0490264885,1.25017063782,6.70989956096,23.4048063354,14.2022029426,-4.18791578489,
17.1513628207,-2.65716804042,3.49234638585,13.0470057479,-15.397102398,31.4106404177,-26.9844595793,-21.6630215275,-12.5617505515,5.53058194379,23.0941702805,12.4123650641,-9.10279689165,
18.376727695,-9.55728678339,8.36059534632,10.9845583885,-11.9859429202,38.3046287914,-29.2853566854,-9.39745338494,-4.93113580331,-17.6578285754,20.8645361576,21.195702377,-3.18897379873,
18.6121396347,-7.18351195475,9.38211618507,9.09974011755,-22.4860948179,28.7048700472,-23.2518228795,4.84402956777,-5.75045303911,-21.6132146935,31.7250527307,9.62225267821,-7.31885478555,
18.4034921252,-9.76171237218,9.93919849604,10.5707843308,-18.028747278,38.5462671006,-23.964350629,-0.77032431335,-3.37735302433,-5.50747497251,29.8127011244,-7.61602510806,-0.248098932732,
17.5497597647,-11.7710350444,9.33235304308,6.08914770648,-9.54453489679,40.6606333281,-14.1660312458,4.55378734177,8.59135610082,-6.92871727643,17.3639790945,-13.2267828753,-8.01355232926,
17.6142258982,-11.9659763718,-5.32461225802,0.390375078051,-26.1583131333,10.9824776898,-19.4649289129,17.2264166067,16.2829875997,-12.3200433062,3.41184062435,-12.7493634663,-6.35566218656,
17.1521693497,-16.0914770682,-9.34673013767,1.27778244263,-7.04379001153,11.9188144962,-2.44483148469,39.9059823058,33.5967269561,-3.82426149737,-19.0745578747,-10.7953022072,-11.9328837209,
16.0628368337,-17.9367337455,-0.16991081562,5.23494179856,-12.5238749719,8.98971350144,-2.60579268081,20.8888660179,14.7947779149,6.50261467175,6.86860076201,-4.9006654371,-11.6269161132,
16.7237374188,-14.9730804684,7.86851892526,16.4544473215,-12.4625919469,15.9564777706,-6.68622667117,16.7118299874,11.1034925586,11.1820779145,-3.14732857124,-20.9232666777,-13.7817816941,
17.2972685721,-15.8967710623,5.1600818588,13.1910714278,-27.1651412357,6.31659450681,-11.2161798514,38.7705269955,19.9103683505,7.26717825521,-12.8410497207,-34.9399784993,-27.2280178236,
16.4064326573,-9.43570829564,8.43492058339,20.4265891612,-12.9080029747,11.6333977919,-25.5749781919,7.03252570069,6.70542430871,11.0701042882,22.5135772424,-17.4678826,-10.4232541351,
17.442812912,-0.218337959695,18.1505346206,12.2157174909,-33.216224362,13.9298932986,-25.3015628642,3.90671049615,7.44464596512,1.00147692915,7.83178350687,-25.6352928112,-3.15397467551,
17.3607965948,4.16579096022,18.6331855528,3.5189613556,-35.3354032206,15.244980967,-22.5364528086,10.1794011887,1.37728528804,6.84736959591,10.2536680146,-21.5352131671,-11.5928108202,
17.2702770608,5.04340952796,20.0687120815,7.62570566619,-39.8176040387,9.62464440398,-32.6393529181,8.8278500568,5.60641850183,8.58868572405,3.6513069087,-33.3445830296,-20.0508183462,
17.2998686321,4.56155872913,17.555953262,14.6593507815,-35.6834472664,12.7954737452,-26.8545733366,3.03605486491,-1.04217515132,-4.94841063175,18.3942338458,-23.0058162548,-20.3476587861,
15.9973846953,7.08220865679,29.0024813308,14.4437567407,-21.8245276216,10.4666886844,-32.2846310344,2.37131552678,1.07311062359,13.9846081998,8.5238612312,-14.8131815935,-18.6854360288,
14.8675284476,14.3627133006,34.5680000567,16.5457014608,-4.24356121021,12.1812943299,-2.35231142311,-7.22635600113,10.1163986548,-2.52448708441,2.57610293699,-19.604720158,-20.9547947495,
14.6487158654,15.5821420943,27.1398058938,8.7752912642,3.46767802208,-3.28912493951,-4.39675968228,-12.0054637773,-8.38119443713,-12.4099770419,-7.28566341887,-11.752803874,-13.21260369,
13.2500591071,11.8813051145,20.5467338464,3.08865593905,1.83245977553,-3.56565412827,-1.71151700576,-6.2543166373,-4.84112477592,-8.79393964594,-6.13920464839,-3.40489590176,-4.16617150893,
13.042222141,5.1881421823,40.9442810656,25.321229959,9.13926090506,-2.81101227016,1.20319561076,-1.66714366614,1.9619470564,-3.94502847819,-9.3757367432,-16.0855538551,-13.9077869327,
11.8039169187,-0.160215307084,36.3094167384,22.0773639786,10.4363223478,0.227231809225,-0.47096619693,-0.989682368961,4.0891954502,-8.71460841161,-12.0871802198,-14.5159248795,-8.76552156893,
10.7047544194,-1.19305891202,26.5543549135,7.1056477216,5.13139918528,3.64109542647,1.305809745,-5.3063952559,-1.99860714933,-11.6004652882,-12.783227372,-7.83749387556,-8.83390848575,
17.6663175217,2.6402320901,-17.3094687317,-10.5686187599,-31.8971672256,5.72207560037,-29.8666085661,0.626264819361,1.84035773437,5.14070929029,11.5888042057,3.27241682075,-0.997742167822,
17.8528607613,-3.00838364912,3.68859403873,0.452484345395,-36.0629178128,28.2032064358,-30.4399264568,17.5218840446,8.58255964514,3.55366319892,5.51841496927,-4.85223330947,4.3100141181,
18.0053804977,1.13958803822,16.5294972769,-3.08548867586,-38.1074790521,31.1473908595,-23.615247778,10.1795868984,-1.28323042581,3.05483400773,9.37464839698,-10.230404506,6.85855231459,
17.5540002089,3.95047287908,13.7146937392,-7.89947123754,-38.8510158076,20.6326286564,-33.3560935601,13.5724951767,14.7087834806,21.0317569987,10.9401416442,-18.2150392085,1.47142011699,
17.0752271565,3.47697026786,1.65251290701,-3.96673376606,-32.3058315031,27.1697434546,-22.5483055237,18.7726281854,-0.0352210934301,18.8847409164,29.6004514437,-12.864084201,-13.6173696618,
16.7763100527,0.0688903093647,7.22155124446,-3.53820125338,-28.916695415,37.9984375964,-25.5517178817,8.54984083278,-7.9579505782,28.4593495783,16.9952014557,-7.82397669833,-10.5394278645,
16.2293721775,-1.9945461591,-5.9950759096,-0.43147801688,-18.4668747334,12.9316397409,-21.9597425794,35.2627499637,5.12177680201,8.79896775843,2.73627457126,-2.67778696927,-4.00152073393,
16.4314837747,-12.2933734129,-15.1078307498,0.218727624446,-13.7391794875,16.0407298444,-5.88483185957,32.8310480938,8.00658548402,-2.35879238945,-3.16868806903,-9.0019399559,-17.9428492046,
16.262473951,-18.6983075382,-18.9330644058,-1.95462790676,-17.0810297582,10.1733226693,-7.1396740249,26.203876307,7.59036628262,-3.11143818363,-7.15511275444,-17.2220620001,-10.1782318617,
16.7119302228,-19.5287309612,-9.1557354355,2.85713389929,-18.7831476492,13.258310266,-14.9792153885,34.4666386161,19.1934250377,5.38002503074,-0.800563488312,-6.83362606096,-12.8483849834,
16.8765383784,-22.5228407963,-7.81461639414,2.03595412665,-22.3773955026,16.8091567753,-7.80630801634,30.7844617336,4.19985341599,-4.0710787686,-5.75405794156,-4.69337736213,-12.1775735021,
16.5571966171,-21.9062949523,-14.9359939739,1.63251104569,-15.0176778035,20.7101025686,-11.3900296057,24.4134112903,5.0915846273,-5.47626256666,0.223851072623,8.88040635481,-17.0989911238,
15.1081975804,-14.1759646754,-10.9704236233,8.27795526551,-13.0258563972,13.4632481914,-0.488081305673,31.6259077122,16.0605501473,-8.71314189426,-0.768240924334,16.2237557141,-9.47404279362,
15.2950551952,-18.7707425149,-8.40528914007,12.1421867564,2.50152202621,24.1196014484,11.8012475735,18.4373014163,8.56656146478,-4.02299775011,17.245977702,17.3757306732,-16.1071506156,
11.9714883824,-14.128288687,0.171440250473,12.1494766564,8.73549643618,19.0843690906,33.0214793475,28.6008055134,14.6575931205,-19.9861960587,-0.876552811874,16.955318193,0.281938761163,
11.0857049681,-9.99497231973,11.4620967456,9.77446940894,10.6134324359,9.13275257724,15.7555662678,14.6849023048,5.33621787092,-14.1567043426,-2.25452949171,3.60092238641,0.510150973955,
10.7139299265,-9.38961457948,12.5756052676,6.58631690245,5.67542983491,4.08321208277,10.9021587331,4.78111092064,7.04512228537,-7.83214925149,0.432397725226,5.51512602199,3.87971352158,
10.5016093768,-10.5386456366,23.0222845837,16.8070973579,18.4851495796,17.4619666025,11.5694446977,1.59301095785,-13.3587902555,-15.8729130527,-3.85235623037,1.7530125031,7.01990270061,
11.7373412256,-12.6003606112,13.8050983802,22.3467679493,-5.96861433471,13.8723698832,8.85593064456,-14.1820182033,-4.05651713201,-9.05092894224,-9.17961743051,-4.86681911412,0.189803685703,
18.0716427267,-24.471100984,-1.12694586908,13.3330127805,-27.4214581638,11.8782466901,-17.3864727828,-19.5987561972,-22.6173429252,-2.95807136323,-17.321548147,-19.455729751,2.03772853444,
18.8460064203,-40.0455630541,-11.2166088439,25.419752048,-13.0555499766,11.6521079574,-28.8159011745,-17.1734110185,-21.1086844048,8.13542194099,-10.8313035868,-9.40383255372,-6.48306977728,
18.6759880536,-41.4114656926,-17.3495867324,22.5432307905,-2.86240990202,35.6359989029,-17.3191684134,4.56358365427,-2.76437554847,17.0832844069,8.68108896058,2.35804072358,5.48750296882,
17.7477347311,-19.470951334,-2.88218397464,32.1520550537,-0.282256807531,30.1339606126,-15.7721820156,1.46087437468,-9.28280342635,2.20600737867,1.76455596124,-7.96933609013,5.48458095147,
17.0700278206,-14.8815471269,13.1562461051,45.9460684354,12.554826941,25.8560708404,-30.4679478264,-8.76317433088,-10.7299159451,-7.99176359522,-8.0642127143,-14.2005957685,-5.66062228113,
16.4896050779,-10.4815338424,10.9464054778,46.7685443296,5.49685334822,24.9971173263,-17.7623374148,-6.70560605359,-28.3738454633,-7.18299595183,-10.2645753365,-15.3938402175,-8.0807726823,
16.2134850022,-6.97441964489,8.93331109275,44.534674272,5.73135070078,24.8831686731,-22.417180121,0.582098050561,-16.4065694521,-12.9735213249,-1.70736425999,-12.0007920866,-15.8187261259,
15.0062498168,-13.2984080891,12.3008389279,46.2158970925,20.4315436878,20.8360649636,-15.6500382343,-6.55033305301,-16.6154935126,7.66950085097,0.212131138677,1.52051060257,-6.7500720676,
12.7853566767,4.16563272629,22.3800126035,17.8597958119,8.30282846782,-1.01083027087,-4.08428511352,1.8894038991,-10.552437788,-15.2002566092,-4.12414968627,-2.43543367889,-7.38455505825,
12.2523972245,-0.929986275192,30.9736403603,23.5059695004,15.4375492593,5.35990016059,-0.962312328259,-3.35994198573,-5.63553176091,-10.1938314125,-0.573491536363,-5.28928400193,-9.47155113953,
10.6112628399,-8.76443819617,24.7653104102,16.060376504,-0.586402293126,7.57437052814,4.2214435601,-3.55370610954,-13.4230304118,-11.0112969005,-4.41342092183,-6.64642925948,-6.27235456654,
16.9314790773,-23.6545611804,-28.5828085562,0.566774405439,-7.44396411275,-1.0996258921,-27.320734791,22.0556270744,-10.7600166341,-6.28658140973,-22.7257222806,-16.9232408537,-9.6187121828,
18.791216532,-18.2694573025,-23.3434317513,7.00220630022,-22.3976254423,9.76446256436,-5.14068027625,29.0343184421,-8.37770109755,-24.3714431884,-19.1260871718,5.18654991321,8.52975422232,
17.5127109305,-20.726695493,-18.8413878796,9.98038798226,-23.3358470037,8.71226479715,-3.05505684547,26.6430202882,-32.8667231255,-23.45549265,-18.8794821654,-8.13094149247,-9.15516947981,
16.9333637831,-12.4070014763,-3.65144585506,16.919469109,-21.7304855781,14.1706850765,-5.77599941729,38.6416900698,-2.38461762049,-0.675228447974,-8.0372732393,12.5429637014,14.2721380576,
17.7437224057,-25.7754859771,-13.3319913459,19.8742715865,-19.8075957171,24.7270518113,7.51955380871,37.7397034879,1.23140135517,-6.97183672219,-7.72891651059,11.5812371293,17.584777527,
18.1221342379,-26.3861720517,-13.6771013659,10.6358152499,-20.4162681449,25.9256551586,12.4895155879,37.6413908702,-14.5179458323,-21.0574474774,-11.424788253,11.4432705694,16.7395745073,
17.9694167037,-32.153388321,-14.1499936284,13.9882958767,-19.2816714519,32.8572475369,17.6854677525,33.0697442096,-15.7903259519,-16.7868809189,-11.8248760226,4.64241144064,20.7244610174,
20.2690724911,-34.2462152823,-11.1968509655,22.6886089917,-14.3338227149,45.5338657523,-1.20047561126,29.729501369,1.63309512922,-16.4279674569,-4.30144616486,9.80795840106,13.0668079199,
19.4708217648,-27.5444873195,-10.2533692403,23.3335567516,-15.3349623181,36.8208126075,-10.2614862103,11.9201698826,-17.533328469,-15.5287885513,-5.53351714109,6.4466976878,0.896855086162,
17.8467187275,-23.8112576541,-22.8777850652,29.5641219974,11.7735111585,39.2230947065,1.8885740904,31.1002257751,0.32142656317,-10.4795370804,9.11242328591,20.3871509474,-5.3179208878,
17.0784551416,-17.2138554872,-13.5751248946,34.5666495268,6.32178409585,28.2143973039,-20.1130500112,4.71651947389,-3.3711915165,0.686333813603,-7.97794435384,-6.61285690433,-10.5054825985,
16.8752850545,-13.1768571624,-5.89682686361,49.5003039036,23.8741829724,40.3913966686,-26.1980282355,2.5247777867,-4.86652882122,-13.1640634119,-14.5835460167,-10.626145646,-11.770647579,
16.5500268315,-11.06012419,-5.35579278834,50.4657081115,22.6816944369,46.2279079366,-21.6041720907,-6.63065708984,-10.2679598627,-16.5114786669,-23.7556620433,-20.4317522937,-5.80906064222,
16.8138421849,-7.0714683374,-7.54972832711,46.9150954111,16.6759654587,34.0968917861,-26.9863656143,-4.40271941201,-4.20009450956,-17.2014992878,-8.94711805348,-8.89003441835,-5.17646337347,
16.6474872034,-2.64210529657,-9.38767629237,38.1142405386,2.88329413158,27.3071249951,-14.8122710106,1.99316309338,-16.5855568337,-24.8890734176,-6.28463386668,-1.03777254022,-9.50570395268,
16.5210872951,-7.27580357893,-8.00988079241,48.8092652939,26.4796533166,33.2371596512,-23.4351875038,-0.20713617247,-14.6900658389,-20.70789919,-8.46813736686,-15.1342128921,-4.85252954026,
16.2014943695,-8.98064762734,-4.08541494854,47.3277917849,26.3817813871,33.8349482681,-24.9429803984,1.89040858968,-16.2463244177,-13.4720528088,-6.83943156674,-13.6503454958,-12.3044879206,
16.4343328063,-10.1548226418,-6.18952516163,44.0022081342,21.819378609,39.4139719262,-18.5843297377,-4.06768146808,-5.35847093727,-11.0058229584,-16.8459796237,-14.1181300881,-4.51240328861,
16.927860185,-14.4471870452,-10.1645326431,43.5554054361,24.4988590095,45.4397574605,-14.8686376859,-2.25344886961,-10.8030914866,-7.09611825404,-20.2600889722,-14.5433005126,-16.5425862618,
17.1274322322,-2.58337414522,-8.65473301403,26.1078603844,-1.6265413162,31.2695872025,-14.9985466739,-5.51707400011,-9.01892646882,-3.14406137052,-5.69441235133,-2.47614637152,-4.15208093584,
17.2724039592,-0.433034925324,-5.89924709854,38.8550770062,6.5092732224,46.4719878034,-24.5613209647,-12.019591876,-19.8366896917,-24.7315892813,11.6108804841,3.81463462488,-17.3686384199,
17.5726049312,-1.50598095901,1.18875685975,30.7794051898,-2.58051515836,46.4077183315,-16.106457789,-2.33686714472,-24.5291705167,-39.0078113042,3.8075481984,9.37470238939,-2.10803014688,
17.317647034,2.70975153909,2.9885331623,29.9389382212,-13.3067182488,37.563805821,-16.5041729314,11.7429592074,-9.29547724268,-40.411215966,-9.38740685573,-0.0768635786409,-6.69071223792,
16.8629865525,5.58388929108,11.1155148514,21.6751609822,-17.5936454469,31.6740816296,-19.0278820443,14.818209584,-5.26698792732,-31.2538429173,-10.9749992984,1.8858902886,-18.183566311,
16.5731351954,7.5574758605,18.396559118,13.4863391246,-15.9792159592,24.9445456103,-27.0311112566,21.0112387508,-4.11163232808,-24.1380857945,-4.68151971066,-3.77834288789,-22.0102200932,
16.1170372085,12.7236037728,15.773103095,14.8278667213,-9.47541356562,17.051330556,-18.9840977299,8.26113518316,-9.46721704678,-6.69883683714,-1.25776227808,-1.26181770492,-21.5633479852,
15.7372099412,10.150991023,12.6367920135,29.3010137998,-0.905940202199,5.94680556939,-16.729288271,5.20714278772,-9.13682970206,-14.3596448704,18.1042665807,3.51292360124,-25.9484015334,
15.2895180131,10.915079236,12.3707403704,27.0304283309,-0.247518991669,4.92225243303,-20.3373886785,4.56251522461,-8.45460851982,-21.0917794988,15.4485048822,2.94061938081,-13.0922712732,
15.4304381287,11.6625045699,13.5626435272,27.7079948289,3.03842862613,4.71796142642,-16.4184597178,7.94456305945,-0.718586218744,-17.09965347,15.1821801267,-2.31725103639,-13.8480549374,
15.33167731,8.66977377359,12.267765986,31.6499496527,4.01674142021,11.1162551747,-10.6353645717,13.277202013,-8.04842654753,-20.6484853971,18.7235691853,-7.35020235306,-24.1063880472,
14.7069375862,7.10585950809,14.917707086,21.4512948867,6.17614491346,10.4560665218,-10.464765455,11.9599721434,-1.18973828101,11.0568858445,8.97043845381,-2.05757868114,-17.1424254415,
14.0400028384,4.21922564797,14.4993361898,16.6405019295,-0.564548493452,9.82537681514,-0.446934049027,8.85439736034,-2.67834737864,4.66585904131,23.0855844855,17.9675141787,-12.1874664706,
15.302111205,-10.7864710932,4.28259224589,13.3032071112,-9.57127569451,31.808098826,-17.949796949,14.5106204862,6.56502070221,-1.26045253923,-2.70995020141,8.93552996547,-8.9618944463,
16.9778972254,-22.1608756605,2.5237335179,8.66668912785,-11.9195073863,37.377201762,-7.76836332605,10.8118365678,11.4038708062,5.13563959467,-5.21565545465,6.64943277708,-15.7866475804,
18.127443168,-32.4300821072,-4.19950815636,4.73076480012,-18.1625571433,32.5697675746,-16.4765129395,-7.04164465611,-7.27179131161,-7.09829945347,-19.2199082676,-12.263642452,-23.894690912,
18.9551679104,-30.7764448244,-7.13394400521,6.06757575431,-17.8675205889,42.0743588318,-5.02547021868,0.402300428196,3.47994944407,-7.18071943064,-20.0324570825,0.249205281582,-7.06694641412,
19.6102321615,-37.744430263,-9.45149090078,5.21677303353,-21.0360095435,38.3253013827,-8.87019754271,-0.877332484068,10.193185579,3.65479121033,-0.723102756721,17.5173214916,-17.2663713282,
19.6506043987,-37.4017082771,-6.78221874465,-1.16954428426,-29.6116945639,38.0927876225,-5.08838778021,-5.40377521109,2.2531364139,-1.64631208938,-10.2456367959,20.8539365634,-10.246333313,
19.7790149959,-33.6765314663,-5.06496420905,7.65045985764,-25.5270380467,30.6227628077,-11.9840411949,-9.38075733795,-1.55720806105,-7.41842241474,-10.9597555821,18.3154675089,-13.3347052935,
19.6879650095,-37.9137853575,-4.6560263261,9.11029724587,-23.6119534856,39.3901266812,-4.39663364242,-10.5636259908,2.72246700956,-4.47322320521,2.48708352196,15.8190582331,-7.97143616508,
18.1861095618,-34.1151652438,-5.47130531852,-1.11044711909,-29.4749387322,35.4730390177,2.96565671275,10.1043723455,-7.79652543255,-7.54286281354,-10.6702767556,4.44800604251,-2.63959599497,
18.2130959802,-34.0542747645,-5.31253161322,2.65088761047,-22.3153488922,30.2790919043,-2.40151944838,8.570363308,-4.51472709837,0.253885505705,4.0854369458,-4.67254955231,-0.54836995078,
17.7322552057,-29.012712715,-5.26860800629,1.99084727118,-20.5262020568,22.7957906997,-14.6701248247,0.919432307365,-7.85361224769,4.81132382567,7.86156604014,9.2033409321,8.5169300929,
17.1753422357,-24.0415803098,-1.53694251347,9.35078601676,-17.2306596255,23.6756116,-3.95006036714,1.88987324989,0.905364409177,4.16286185078,2.52993538873,1.34955719092,-6.31559259411,
16.399954062,-22.6033771078,-8.61872919405,-2.3431225547,-30.3163541965,13.4358850381,-13.5753670138,1.2923475142,2.34584087776,-4.58169085082,-6.11929363989,-7.76570667488,-16.3152618892,
14.4319585202,-12.7132588499,-6.9038770741,-0.782959280086,-30.0089880148,10.5880722307,-8.52898161435,0.100344868057,-7.64845816429,-5.92684679539,-11.5762128361,-17.2249924995,-9.27266139142,
13.6024659525,-1.98684112741,14.119098954,17.2958320467,-11.3398428199,25.7370347211,8.01134174129,9.40709653836,4.47593523558,-6.40576262118,5.84206879944,-10.7052055784,-6.42436913883,
16.0207709575,10.0017270761,18.9519297383,4.76573979801,-38.3496557392,18.3898474477,-27.4954762057,1.97064612713,19.413506699,4.01560104636,26.4665091056,-6.54512855562,0.730932317727,
14.6996033604,8.42620789154,20.0102893553,2.51235247137,-22.3080653146,7.50518125937,-14.8023924846,11.2294766917,19.1593344274,-0.74126368486,2.33787201104,-10.8273651246,5.81204550424,
16.2686748025,11.574851159,14.7207698619,0.781078922844,-39.3327986196,18.6774202614,-22.8690698807,-14.1706755096,27.9291208699,6.77347037117,13.8623293176,-2.52892606024,-15.5198775364,
15.5942067508,12.1737728891,18.582327956,6.35675529371,-17.9019416458,-2.65323995846,-23.595868288,10.5074129557,8.22331671353,9.95789196351,18.9412537396,5.80043051966,-9.23823575621,
14.5094544356,12.114367925,11.6421518,-7.65287255752,-21.8709533963,9.02545126892,4.39193392894,6.80435334443,9.61534761864,0.00500558828816,19.4503065868,4.23744308049,-4.96857528386,
15.2558536359,15.3419879188,15.2092113734,9.84596046776,-12.1126550867,-4.24080940851,-24.0768580311,-5.53516335715,12.4698990837,11.4776165222,22.4513838213,-3.2867069165,-15.0041817376,
14.7308037406,12.3110974218,24.3769834696,12.7056630814,-14.8980724296,6.24945979321,-17.332816706,-5.14280440532,15.1751878332,5.1821419287,16.5904490648,0.393168155632,0.448245658423,
13.8565328328,10.4324899302,20.5495749456,11.3307876822,-8.33682382713,-9.65422858576,-4.5227813961,0.276070595306,-6.34630577593,-7.21699483019,13.3444307408,2.19336910492,-3.96181199404,
13.8773934507,7.52073452967,20.2834869955,17.6719906344,8.65138033387,5.46804030736,8.39249825294,14.2356149715,9.50224663214,-1.75417214201,7.6574279944,-2.53914289721,-0.399429792546,
12.744785464,4.04736058607,17.6610410913,10.7510986916,10.6035439349,13.0027445509,-2.46053031394,7.70226592584,6.9922266043,-2.24986337465,17.580717989,2.74187706598,2.99052448327,
12.503790395,-0.119107759739,29.2230286823,20.5415409522,14.7246093957,10.1537507691,4.33978855891,5.98930700202,2.55287723402,-1.77274156186,11.8247160158,-3.83071524769,-6.11128163813,
12.2620673126,0.0898579021822,30.3444368568,19.4162064943,11.6542985392,9.68413849493,3.81536605752,2.81652126058,8.04993358066,7.47780094939,18.1500668262,3.66096522672,-6.4251766583,
11.8029600014,1.24094671546,25.9251866757,10.1510033766,8.79691823487,9.08418094497,6.34585941654,2.20491187948,3.12795727664,3.31770781731,0.656051039534,-6.83264421251,-3.21156496677,
11.1253026538,-7.41988755933,28.3593424564,17.9549338582,18.0989220344,14.1006483926,6.35412209505,0.921256817765,2.04720288027,2.70968040483,10.6757861468,8.16897083752,-14.5532453365,
10.7643860799,-14.1224034119,24.4271105338,15.6476370776,14.3674393966,19.8158771453,9.24847491533,-4.20479544887,-5.24618179609,-3.05385714459,-0.192553778769,-6.34222133501,-1.24659481348,
10.70691237,-12.2895283443,26.2497127939,19.0575522343,13.6323087693,12.8316072467,7.00967168399,-3.8543488485,1.45606900362,-4.1968279892,-8.00445063411,-10.9324657923,-10.220360634,
10.6626757556,-12.5831728704,23.5195329367,18.2599174796,9.8786577777,6.30105792083,3.02464760942,-4.39098539928,1.72484348645,-4.74019434384,-12.1825815345,-4.27044450171,-4.74406125362,
10.7650547208,-19.1797028044,22.2637319283,17.3662738735,18.4821060335,20.981997941,20.6805054905,9.74109682612,5.8787178796,-7.09242125834,-5.47302371988,0.804044310321,-3.23841975462,
10.5783539065,-15.7187983054,22.5256808854,15.5483194674,14.39791464,11.0802909852,4.2132267358,-2.58289552156,-0.165261695811,-8.19187712491,-11.4312429715,-3.6099720672,1.33927026932,
10.4051050971,-19.567308572,19.6740521923,13.8635441511,16.1889418467,19.4785680355,10.8794254308,9.08136988355,9.62992267842,0.735571934414,-2.13657523012,-2.43646372252,2.29637635615,
10.4648124692,-23.1024919315,10.6087905976,6.12011212154,12.3222321729,11.2981328914,10.0717671613,2.25592549631,7.00395129483,5.43823163266,4.22008342847,3.69063606128,-8.82539471341,
10.6176201051,-24.8007747824,11.6238922457,5.35460830971,8.80295775888,12.3686773515,15.4177651678,0.608528633345,9.85916147872,16.7669435081,8.06824226642,4.68438556429,-2.86266130501,
10.5758494184,-24.8523400907,15.4047930992,13.4149985735,8.54711446857,10.3235269034,9.16781873829,4.88692309564,7.71140001209,4.25445859852,7.12411903261,7.08174519665,6.00777040248,
10.5910396959,-23.4415155128,12.3518863769,4.26406104852,6.75926297092,9.96827562721,3.85008851742,4.59824525793,9.32290647944,5.8537778746,1.60715859286,3.8669774257,1.81070494833,
10.6124088206,-22.2080165206,10.6794374411,2.8653706161,0.296796809472,0.3455739434,0.0925139825289,-4.17538460088,6.30238658476,1.24478321812,-4.5483063668,0.34975646762,-1.79833879357,
10.526853234,-22.5582109869,9.56930839891,-3.10125635827,1.80050314474,5.01541547797,3.33399790399,-3.54185447302,5.94147965613,3.99386624978,0.681958227315,-5.37424957903,-7.57696698952,
8.3573609258,-24.9960732122,4.51653807448,-16.0420758828,1.12430265836,-1.92356872655,-7.56926495361,-0.390763991152,9.96274338671,-4.89158913002,-5.67658064957,4.26361690898,-0.189954875282,
-36.0436533891,0.0,-3.20763172248e-14,0.0,2.39267989553e-13,0.0,-2.05930167027e-13,0.0,3.07279169524e-13,0.0,-3.27769755162e-13,0.0,3.59484803447e-13,
-36.0436533891,0.0,-3.20763172248e-14,0.0,2.39267989553e-13,0.0,-2.05930167027e-13,0.0,3.07279169524e-13,0.0,-3.27769755162e-13,0.0,3.59484803447e-13,
-36.0436533891,0.0,-3.20763172248e-14,0.0,2.39267989553e-13,0.0,-2.05930167027e-13,0.0,3.07279169524e-13,0.0,-3.27769755162e-13,0.0,3.59484803447e-13,
-36.0436533891,0.0,-3.20763172248e-14,0.0,2.39267989553e-13,0.0,-2.05930167027e-13,0.0,3.07279169524e-13,0.0,-3.27769755162e-13,0.0,3.59484803447e-13,
-36.0436533891,0.0,-3.20763172248e-14,0.0,2.39267989553e-13,0.0,-2.05930167027e-13,0.0,3.07279169524e-13,0.0,-3.27769755162e-13,0.0,3.59484803447e-13,
-36.0436533891,0.0,-3.20763172248e-14,0.0,2.39267989553e-13,0.0,-2.05930167027e-13,0.0,3.07279169524e-13,0.0,-3.27769755162e-13,0.0,3.59484803447e-13,
-36.0436533891,0.0,-3.20763172248e-14,0.0,2.39267989553e-13,0.0,-2.05930167027e-13,0.0,3.07279169524e-13,0.0,-3.27769755162e-13,0.0,3.59484803447e-13,
-36.0436533891,0.0,-3.20763172248e-14,0.0,2.39267989553e-13,0.0,-2.05930167027e-13,0.0,3.07279169524e-13,0.0,-3.27769755162e-13,0.0,3.59484803447e-13,
-36.0436533891,0.0,-3.20763172248e-14,0.0,2.39267989553e-13,0.0,-2.05930167027e-13,0.0,3.07279169524e-13,0.0,-3.27769755162e-13,0.0,3.59484803447e-13,
-36.0436533891,0.0,-3.20763172248e-14,0.0,2.39267989553e-13,0.0,-2.05930167027e-13,0.0,3.07279169524e-13,0.0,-3.27769755162e-13,0.0,3.59484803447e-13,
-36.0436533891,0.0,-3.20763172248e-14,0.0,2.39267989553e-13,0.0,-2.05930167027e-13,0.0,3.07279169524e-13,0.0,-3.27769755162e-13,0.0,3.59484803447e-13,
