4.36269072167,0.990026151681,-1.31268316272,0.953113414818,-0.164696884887,0.144945144766,-0.337645274692,-0.282288171832,-0.315709619142,-0.0795917363023,0.0629636082706,-0.0117084125392,0.158299353211,
4.28705740199,1.32404233717,-0.981809396169,0.443389367274,-0.289400555235,0.250816846104,-0.441819823675,-0.755323346057,-0.330690296746,0.274065559543,0.0714122349663,0.0425967491823,0.147245841405,
4.42146215912,0.980789051688,-1.16277974196,0.842841436374,-0.208296738962,0.267221929018,-0.522667957803,-0.354191877523,-0.729781332865,-0.0490398427543,0.31295824447,0.258523429604,0.267165321657,
4.24572954856,1.50651437997,-1.22977480806,0.416110426642,-0.564603960792,-0.20780754391,-0.31089472003,0.0275985711573,-0.668184390068,-0.400565346087,0.336547556041,0.281928797053,0.368318164541,
4.23077076522,1.49733965467,-1.10490934218,0.367556236669,-0.762042259121,0.0348326043146,-0.22804350192,0.059138307373,-0.635978003975,-0.447412775181,0.0394458780227,0.136258361504,0.171716438482,
4.61123774297,0.671389884458,-0.970344678985,0.503320666685,-0.476097531224,-0.0795042765873,0.211502430571,0.156206336346,-0.693883436317,-0.709024372922,-0.162673357819,0.268735450249,0.122627488911,
4.89191697497,0.448347138618,-1.14182604924,0.0670290238434,-0.413867442428,0.0455689926351,-0.225427531185,-0.350974855098,-0.847062533394,-0.267646896819,-0.0618022899163,-0.403038268309,-0.401133180901,
5.64886884326,0.0147276535334,-0.960570962548,0.246316865079,-0.631896442195,-0.146115108962,0.269798814986,-0.0498346275473,-0.367179631953,0.193879918243,-0.0161051502538,-0.427177208309,-0.554258109163,
4.75646399672,-0.357728537368,-1.05621339037,0.278784169571,-1.0874639231,0.0990026315948,-0.14347234802,-0.105929127261,-0.295776918926,0.528650617263,0.825139320915,0.0764277192959,-0.428858420199,
3.91907404495,-0.244928963115,-1.41901693217,-0.239495321875,-0.620857398735,0.478112137191,0.0778404634768,0.320786115483,-0.284503096798,-0.022432187849,0.705500048391,-0.0686266150334,-0.440206252129,
4.52257122008,-0.273362318902,-1.14916540316,0.0123588264499,-0.612110375773,0.43539863388,0.0617552247268,0.00166975147667,-0.614562210028,0.0192401675045,0.503888177324,0.0940127591219,-0.0698804994515,
4.49958440708,-0.699093566328,-0.584522806982,-0.039179833908,-0.784635190522,-0.104692107897,-0.0661689825694,-0.429016797212,-0.944410469916,-0.202514709206,0.274205482086,0.293176738977,-0.102637209838,
4.77305444971,-0.789669064661,-0.863153351581,0.00179101765105,-0.988513940856,0.154527355709,-0.12827577804,-0.647958402188,-0.454277717464,-0.025255462683,-0.0233375387635,0.274656383262,0.100074733948,
4.70922896413,-0.531882208153,-0.479382639827,0.403135749648,-0.812585712978,0.0751559749003,-0.065579035898,-0.541336366411,-0.4682242552,0.172470538913,0.135236020081,0.33204056889,0.223890349349,
4.54193187605,-0.91741925739,-0.602230424733,0.208016865125,-1.03094744689,-0.0520557987415,-0.002943193416,-0.289179115738,-0.562041072906,-0.0923500317817,0.244297248246,0.524016803103,0.536626202443,
4.4119356989,-0.473503014751,-0.652957958985,-0.0519453246736,-0.958603588123,0.376956202699,-0.0783477022153,-0.349312269189,-0.624332083574,-0.0941886938092,0.079088509383,0.742260757645,0.124319324484,
4.48535683325,-0.657782408119,-0.694154820081,0.0508117879884,-1.02528290812,0.219710742165,-0.0727521742567,-0.360102600163,-0.171686345534,-0.103505340229,0.0431152020155,0.565132735519,0.147065644809,
4.0654996125,0.147333671968,-1.39283149269,0.449168634126,-1.25872410892,0.106157235494,-0.210249008939,-0.315948158804,-0.160557584934,-0.0159312967725,0.18906483093,-0.15525349009,-0.027539889782,
4.48609400296,-0.563204078292,-0.631176299386,0.395396830489,-1.36784028653,0.124336163997,-0.371596254837,-0.477486783604,-0.324137249599,0.433010255252,0.347098147333,-0.217644875115,-0.227987049983,
4.5569357867,-0.543501832121,-0.308024538913,0.735858013022,-1.11000057738,-0.0760218625037,-0.727434228935,-0.170954261338,0.077635857708,0.131860676475,-0.00508414869396,0.0390426438194,-0.0914180505897,
4.96762605808,-0.194077502207,-0.521484180577,0.510892761481,-0.998550943393,0.122317741726,-0.405099630168,-0.223811314162,-0.095438539607,0.100389105892,0.238780102261,0.170615071901,0.0697159794264,
4.47535777039,0.0259107200678,-0.378699015144,0.302955795297,-1.25170406065,-0.00469735674675,-0.705739111224,-0.0579153354188,0.0120115648187,-0.303820702078,0.196801884075,0.0528125217519,-0.0171359786494,
4.42327866409,0.1191518931,-0.244573381115,0.576095804266,-1.22792013538,0.297610493847,-0.68012064635,-0.263172462972,0.00455676858107,0.0587128830346,0.277012736892,0.00154911379547,0.0443959661307,
4.10684244183,-0.422010907951,-0.336987995311,0.50006768789,-1.32994264681,0.193307603048,-0.424697661034,-0.0909355435255,-2.51410129649e-05,0.0823276645434,0.348526888727,-0.424547925245,-0.6463419036,
4.77191649247,-0.0982259635746,-0.27221259087,0.595854889694,-1.22077429038,0.464978959826,-0.33226575389,-0.294874008137,-0.144255785201,0.184559908539,0.51696454694,-0.132794170653,-0.360899947866,
4.31360386267,-0.0909962379827,-0.329743686803,0.376737491169,-1.36940524241,0.385605213119,-0.604468318613,-0.233148436514,-0.0739450611393,-0.351693316238,0.176768327714,0.0203416850521,0.000421918427718,
4.65570669628,0.208292666403,-0.636846303909,0.631251708034,-0.876708682458,0.621475637175,-0.271696626388,0.0227112067143,-0.0503642791424,-0.338742085631,0.375076147258,0.490651192021,-0.121721015656,
4.75271082953,-0.237780315303,-0.845848188096,0.451975682406,-1.16306255692,0.216219657725,-0.357512747445,-0.271921218298,-0.133964562705,-0.25840576816,0.383203577252,0.38522717751,-0.187607513222,
4.40880389087,0.186226290386,-0.457810657331,0.696035843944,-1.42931841133,0.407250022418,-0.0894947505641,0.332452882418,-0.168417332408,-0.230622071804,0.429582751849,0.22150726572,-0.409328702535,
4.60581635613,-0.0512021102709,-0.762189604109,0.623676133522,-1.19419234493,0.18392471434,0.0572509377559,0.185228687442,-0.374190534434,-0.411203282293,0.024776718385,-0.0670889255148,0.0915060283828,
4.01324700341,-0.0327212546075,-0.587376857034,0.614182941556,-0.736381618231,0.458124912581,-0.127415895017,0.312193313578,-0.592169599994,-0.719889499008,-0.0603202638133,0.0147190023506,0.424595577244,
3.81591274471,0.246520839081,-0.52567257623,0.604110934131,-0.680961214802,0.625395510313,0.0237078019153,0.269413246062,-0.685353900657,-0.525952500666,0.148440853546,0.130024339417,0.155394091253,
3.48079943823,0.246135738123,-1.13536207678,0.692937216211,-0.547814944135,0.267002406442,0.359858780335,0.225682154554,-0.538451676824,-0.35121869982,-0.218394008272,0.423249455822,0.382491456974,
3.7296163542,0.591470092659,-0.741284576187,0.790623502525,-0.544994486447,0.379456301368,0.0865594722035,0.0799272150277,-0.651168324139,-0.00294494567311,0.455445793536,0.167291103885,-0.113143237112,
3.01561974622,0.984117850024,-0.919229485149,0.977828390038,-0.486394255643,0.346857524267,-0.0485935234339,-0.0761210629158,-0.805628414156,-0.280446187013,0.0535565268024,-0.283369675521,-0.109093526213,
3.5610621671,0.573854869177,-1.00328057942,1.25598520018,-0.748736734364,0.407678747669,0.427792237266,-0.133482467478,-0.776295733315,-0.687733724302,-0.0138584412029,0.164262470596,0.308178072047,
4.32336716476,-0.185585343822,-1.50105170922,0.461602046089,-0.596451108918,0.432894698638,-0.0322629394582,-0.440093339057,-0.783255590481,-0.386713999455,-0.0510353065904,0.102404092178,0.280199261999,
4.84393880685,-0.0534903832111,-0.377418598323,0.367332364589,-0.388449136913,0.469440800526,0.0999184814474,-0.266819597681,-0.772267442524,-0.0814961087878,0.209398954214,0.414866589513,0.117048825615,
4.06706644822,-0.809941088592,-0.891797402375,0.456238749012,-0.173088246792,0.816221658271,0.709098564935,0.141612048804,-0.150255420775,0.0694413106451,0.723190420786,0.932818678293,0.184816120532,
4.04490302876,-0.105717750014,-0.686039196083,1.06017012206,-0.253258246454,1.09377929466,0.52437528087,0.0163642058902,-0.390346049185,-0.0605349339215,0.268884221093,0.237996461691,-0.0960760269397,
4.89535920723,0.136901966996,-0.387282567283,1.30100820887,-0.754251300854,0.550055457034,0.332155059501,-0.328284452297,-0.448437391431,-0.101778473756,-0.135690264064,-0.271599027349,-0.524431078384,
4.82453057922,0.222397180493,-0.64937146951,0.65170188477,-1.1857945196,0.192968640479,0.164443833719,-0.18977588127,-0.614605780363,-0.0310682893028,-0.408810849821,-0.585069852444,-0.388887349093,
4.6053577315,0.678908852164,-0.541426405085,0.654947240002,-1.35127669393,0.342623177563,0.500080793227,-0.0675448240013,-0.414817598621,0.192689901492,-0.0361467313692,-0.769110686304,-0.594271965432,
4.53627054354,0.645367077163,-1.01366691292,0.665776880661,-1.53992841192,-0.325243352698,0.0958284260404,0.199865575263,-0.20198439572,-0.166271949269,-0.125275376784,-0.605789792605,-0.414805445076,
4.27334313907,0.567416813455,-0.875970919877,0.824306764177,-1.22358123668,-0.0194921180886,0.19304618819,0.348920302914,-0.0259642775197,0.125324754898,-0.216649346419,-0.667236702943,-0.246940006735,
3.91675937237,0.316214161928,-1.11180470256,0.765038444843,-1.28710124276,-0.0114922992005,0.262058399782,0.361079001092,-0.315441645093,0.0862728198687,0.115059301306,-0.422511824113,-0.413578211415,
3.52928065878,0.667436854666,-0.780580642911,0.585648949172,-1.1095289452,0.246644556898,-0.145700217511,-0.132588127678,-0.593635978686,0.0231008332739,0.275507295913,0.0092111885088,-0.0300349828957,
3.64181023165,1.25488824545,-0.767380205257,0.929900619829,-0.867710127055,0.295287685792,-0.0494328526492,0.0928429885817,-0.691076870096,-0.303508787671,-0.137461500131,0.290475462212,0.375580923407,
3.89439979023,0.99727296633,-1.02883170855,0.689744374289,-0.810478028394,0.0707742364031,-0.34529330141,-0.152477128263,-0.694625757946,-0.537803499942,-0.0437820536405,0.240722003459,0.309963136009,
3.49323461057,1.18648640885,-1.10968427729,0.817275958656,-0.761283737182,0.348379379251,0.128784382542,-0.0690581747929,-0.772700552328,-0.0369954352832,0.138685470285,0.290471756219,0.324165566736,
3.8185270455,0.790276193396,-1.22767011119,0.339906735322,-0.752918439237,0.197540371445,-0.10982799995,-0.260412156969,-0.941997880696,-0.173180231586,0.01887255075,0.10573425898,0.115486383107,
4.01738417998,0.144190542615,-1.60306893424,0.086558394146,-1.11629590755,-0.0603049383777,0.0434414426309,-0.379887337785,-0.983423735469,-0.23356991949,-0.0894737166171,0.0303899726892,0.0806731064171,
4.17275869338,-0.201659181027,-1.1076765372,0.277303160876,-0.82489024974,0.419665098622,0.00168568680432,-0.329233377747,-0.659791892679,-0.689492540731,-0.423667047344,0.0420295558711,0.356139630287,
4.73143813163,0.3100854349,-0.716892667296,0.352156194868,-0.386111518288,0.290882469696,0.327568131877,-0.228555857707,-0.441102666036,-0.338224301883,-0.29760235036,0.14761418664,0.217968585858,
4.28081131306,0.121928153413,-0.906076400591,0.415074107932,-0.0583716218771,0.475886214589,0.286869058803,0.238799142177,-0.344237278305,-0.0850871153978,-0.350820756616,-0.425172391616,-0.0820502736201,
3.60281270003,0.532635034571,-1.2782980149,0.76803559655,-0.146613916825,0.444709229723,0.270219603929,0.162048457182,-0.0856692640658,-0.00787877707139,-0.084358948175,-0.239300872335,-0.0743381685684,
4.55363026623,-0.159720218986,-0.558796931654,1.27364016838,-0.218259138121,-0.100655704555,0.118201468946,0.00991512432731,-0.0457618248051,-0.110525084665,-0.22178041787,-0.281415566067,-0.237777512342,
5.40553315969,-0.311744745134,-1.23701079773,0.552961210087,-0.851516998902,0.056442847833,0.47400439448,0.135387297113,-0.452231215619,-0.119602295939,-0.076402921482,-0.772798215059,-0.18344315535,
4.59469534193,0.0342753480139,-1.17919470169,0.255313719558,-1.096586379,-0.0918440221356,0.406850323267,0.758852671494,-0.472240502393,-0.475328354076,-0.196392479249,-0.800807102563,0.0638882749531,
4.4754292586,-0.220644067343,-1.93057576046,0.245555524949,-0.372474352595,0.361537841244,0.114587633333,0.247785492115,-0.0889442922305,-0.10449645593,-0.337324124246,-0.313057826786,-0.0261531589887,
4.01233420652,-0.492691171709,-2.31896560061,-0.0347641505859,0.164869447228,0.532061145449,-0.0481651921687,0.215136266296,-0.248162243404,-0.0023581599905,0.017357832476,-0.141323097821,0.285606357027,
3.63543472761,-0.935617137781,-2.5326073327,-0.239740008533,-0.275526873034,0.130771158781,-0.213014485956,0.0691919040096,-0.0353028950475,-0.166848961898,-0.306551185418,-0.292152672156,-0.0347404315409,
3.6636786436,-0.327214484675,-2.14210602122,0.236698302021,-0.076086148075,0.603657102599,-0.388129677724,0.27121437463,-0.0827408208362,-0.125368347937,-0.11598265348,-0.184814115384,-0.262493132774,
4.06678869272,-0.477155961211,-2.32050354243,0.155659016901,0.0346290133183,0.354178741154,-0.178277760513,0.237267350131,-0.260732543804,0.176037440446,-0.0165712056049,-0.343359567033,-0.503437014565,
4.18913340873,-0.238990758856,-2.23152405825,-0.0218214665783,-0.367406590419,0.08014587389,-0.121700726818,0.32317948989,-0.358451583936,-0.165016492492,0.273537718561,-0.129488773933,-0.352369075775,
4.42112553567,-0.245148185602,-1.90586220474,0.239411278637,-0.278587125856,0.228615005833,-0.046691940817,0.456323148455,-0.636626781515,-0.287577606536,-0.0960581586101,-0.312237034205,-0.339143002024,
4.29356096505,-0.43611605686,-2.19630225257,0.0354405484164,-0.570126395268,0.167197636051,-0.155649748333,0.346962763311,-0.699290157781,-0.313560614942,-0.504637196732,-0.407924170296,-0.410343212985,
4.22165879001,-0.494333577129,-2.15372036165,-0.0911397363038,0.00734328034543,0.324043248116,-0.191113517117,0.528228702941,-0.490797918705,-0.276406485053,-0.484281256195,-0.516936810104,-0.259428025069,
3.96473545232,-0.529688741411,-2.03113169439,0.133248793165,-0.0801098480972,0.531320201374,-0.082785957393,0.718854841426,-0.166700538254,-0.119618734482,-0.635771588354,-0.284651268318,-0.252147429299,
4.20800347771,-0.567183028868,-1.95462274307,0.381182657508,0.141584926579,0.537404239339,-0.272500468211,0.489662188883,-0.213338911779,-0.342120129291,-0.244341329073,-0.164077261194,0.0915184602408,
3.86033344895,-0.369082706345,-1.76144383314,0.613153400927,0.0632517078072,0.361014844899,-0.217552673794,0.807800105942,-0.173521466572,-0.0822239695673,-0.204901332813,0.0432277041526,0.213534955417,
3.89353650141,-0.293168018455,-1.91611596511,0.459406749863,-0.0395241695323,0.0447044730683,-0.266889128685,0.553347240353,-0.353957881275,-0.351895591763,-0.464586590338,-0.145685136422,0.353679351297,
3.84149614744,-0.326593736539,-1.92183420867,0.714845018692,-0.073550599739,0.126200920253,-0.579534293055,0.15045872587,-0.143400458501,-0.363920465567,-0.302036253607,0.0244942422249,0.344129526248,
3.65518634814,-0.136475501515,-1.72719654534,0.817581114228,-0.0609382100774,0.0941511631129,-0.459977107136,0.300398534554,-0.265574662512,-0.52444931114,-0.504664383324,-0.252004803375,0.0707617456977,
3.60024209659,0.00589946217517,-1.67053051383,0.464122640339,-0.0417969914293,0.116875233145,-0.746891699399,0.549142595238,0.14061232723,-0.348527043777,-0.407155504735,0.0174149523237,0.518239778872,
3.94026742554,0.169272290961,-2.07746845688,0.43464454648,0.0685733663943,0.174491525096,-0.412424453207,0.367722979906,-0.538228960127,-0.645968819123,-0.494932741173,-0.173276362272,0.216106287685,
3.94660829934,0.347676691116,-2.0408039448,0.160090602566,-0.283771023504,0.0218783291515,-0.463603521574,0.508867867717,-0.495609269631,-0.523870235693,-0.629038268465,-0.475413884014,0.409833189874,
3.66673413432,-0.0731779518741,-2.47232654716,0.260624165991,0.142451402786,0.410881282606,0.250350929195,0.598808926196,-0.217553409051,-0.329143643547,-0.609219619779,-0.126470746281,0.0554390790312,
4.0311241027,0.486093567485,-2.31060104298,0.109020241499,-0.458995607718,0.261709621074,-0.327575190318,0.154763394307,-0.3366914188,-0.559994958234,-0.550204540575,-0.452147343891,0.124675990275,
3.83817696722,0.834084146258,-1.52455845762,0.458589772141,-0.457650028267,0.0632997159418,-0.627070464907,0.103685118045,-0.273650426915,-0.293350401798,-0.369355250588,-0.744111182284,-0.184900670513,
4.06540757799,0.523069039816,-1.60823749168,0.995967748453,-0.476680593371,-0.323026872854,-0.635251862465,0.15464353974,-0.455947424238,-0.414032821713,-0.428113339207,-0.19219325868,0.0452071357984,
3.96280102357,0.599425056591,-1.72621241939,0.925083296347,-0.359009856361,-0.159676831421,-0.659410634575,-0.446693674974,-0.474652779822,-0.22389277246,-0.146191696311,-0.246318501389,-0.0856675546894,
3.79338415177,0.898262426984,-1.87064976495,0.667423837656,-0.237476949516,0.308589169074,-0.371211978141,-0.297991421166,-0.453648955899,-0.521602478767,-0.346694162066,-0.0219022023126,-0.238555961257,
3.55642830529,0.509845343813,-1.79330242741,0.325325377067,-0.247390474539,0.0734739133269,-0.592208119229,-0.0801015304233,-0.797800540891,-0.855306560928,-0.399438356107,-0.355472919327,0.031913536292,
4.15489800737,0.240097982283,-1.6498245397,0.595142843398,-0.0924448726681,0.292364717814,-0.527608870167,-0.00334162061514,-0.657520756995,-0.280157388289,-0.476742709681,-0.0600214794949,0.0674726136505,
3.86058572089,0.305146331213,-1.12694942755,0.551692710398,-0.306874443313,-0.101331385568,-0.934768245274,-0.49155920661,-0.639975046563,-0.839611012318,-0.412605609777,-0.145258235201,-0.265727131612,
4.6757461784,0.245160661982,-1.31193138792,0.259588642617,-0.462690795873,0.277612183399,-0.349033796482,0.105546345483,-0.606935761053,-0.355181324982,-0.494204408734,0.00136657313437,0.0808936259915,
4.02553193164,0.86993474474,-1.33653079495,0.6125511957,-0.3733107565,0.273393403865,-0.129038256028,-0.0609878084251,-0.421597213454,-0.412033276926,-0.424969719353,-0.0369170732358,0.183510026383,
4.20513151671,0.676693840974,-1.39695270004,1.05924572388,-0.414766999953,0.366853271053,-0.0785115469926,-0.13565846128,-0.689209005389,-0.649877492854,-0.633372040584,-0.261311551133,0.22544745391,
3.66526391599,1.16432295814,-1.35727527941,0.887575693578,-0.161959269582,0.244674475633,0.0670150431707,0.269780787377,-0.836478603951,-0.774143709022,-0.548925929178,-0.2320261338,-0.0368969729073,
2.9909301825,1.40521365169,-1.34370577855,1.18602117945,-0.017339781926,0.388359276167,0.503150669973,0.0341352412523,-0.995496180914,-0.653730781706,-0.598986687223,-0.383358631119,0.069958895097,
3.18980611127,1.06254076901,-1.20851965395,1.02188855985,-0.082829644242,0.328553256098,0.220652457808,0.0268466543896,-1.06212737106,-0.275897988021,-0.441969523271,-0.189177156766,0.290947155205,
3.92083446763,1.00362688581,-1.30802382684,0.772413128992,-0.476867256969,0.654854932478,0.369482721909,0.449451187362,-0.728993864623,-0.502996139953,-0.284769867067,-0.261476389407,-0.323885892844,
3.89214594191,0.647847458633,-1.17261416703,0.577241263894,-0.675817722192,0.0710982779438,0.13207600591,0.238021323922,-0.691858974162,-0.0387041891037,-0.66747339999,-0.176194505149,-0.0632840614259,
3.79156810731,0.584093842551,-1.51176564323,0.749389495374,-0.948563226336,0.335608646968,0.0223226044473,0.191160198604,-0.423830661611,-0.508308265027,-0.429762377793,0.124688203563,-0.0519495178083,
3.9076838151,0.501775679433,-1.06887723125,0.847757457522,-0.375908588234,0.223398654655,-0.253562629346,0.0621357239296,-0.628566920552,-0.322529908281,0.0190069356595,0.408478841622,0.452492905373,
4.32488932846,0.124663607964,-1.41218057711,0.645265106096,-0.409390539851,0.076570784043,-0.444566058117,0.181311962635,-0.38795768826,-0.562464031118,-0.128811131785,0.259920953161,0.356046171218,
4.05193322905,0.405760680441,-1.00506007291,0.409932615232,-0.720481564672,0.0682867439781,-0.302184765736,-0.0978848718059,-0.332741353857,-0.655573636522,-0.194934644856,0.346413960844,0.36667640957,
4.3185169745,0.0151553085018,-0.848927673864,0.431593183821,-0.417190990691,0.0952866512303,-0.289930919674,-0.258217696865,0.0679012772901,-0.307882397499,-0.416444922752,-0.272570393825,0.106846696519,
4.1224991194,0.195504350481,-1.1683593003,0.965165435147,-0.149115892722,0.267498787288,0.47057185877,-0.0188732252666,-0.268397018264,-0.320322571774,-0.437869673259,-0.341175669191,0.260175173515,
5.14673000493,-0.361029245816,-0.890243151447,0.603147439596,-0.641206360365,-0.287306274975,0.0253555312241,0.47662183794,-0.591906898012,0.121660325504,-0.322778694559,-0.502214850572,-0.0829976784656,
5.0634265603,0.368730466559,-0.681273047899,0.876962161998,-0.654763269406,-0.0935424115735,0.433174760752,0.14135217146,-0.130273364546,-0.0653800335816,-0.267428929585,-0.277055149936,-0.61826101049,
4.86905503828,0.522462468254,-1.17209326751,0.781026273874,-0.836736141708,0.0230645568727,0.412611104337,-0.0120943303038,-0.252162397776,0.00603051716731,-0.213521553556,-0.495614526189,-0.170320387694,
4.69267844158,-0.162297628089,-0.873903243658,0.866569249952,-0.118414598111,0.375461613391,0.387612208383,-0.0764283909387,-0.047310516543,-0.0175623393464,-0.29871111626,-0.798553721393,0.00321745103931,
4.84591309512,-0.620091728469,-0.862023095121,1.00837467882,-0.463991573914,0.0769496041112,0.464689879283,0.258974151963,-0.132218964654,-0.00193539688618,-0.146534155795,-0.757099929715,-0.110086484318,
4.05823860743,0.0876674339884,-0.0846549249094,1.1623490234,-0.259385244005,0.0649389905793,0.0590854860405,0.0924790876751,-0.127690429419,-0.0297794978383,-0.229816459678,-0.240192098891,-0.238873475284,
3.91024314206,-0.0400316377227,-0.330053540147,1.16514709172,-0.600370209613,0.0441654866558,-0.217305249924,-0.129590996488,-0.255791990588,-0.00783128525016,-0.268703700793,-0.237069986529,-0.201330142411,
4.01967232403,0.475881736556,-0.688446346756,0.873061271872,-0.336383099498,0.186373705283,-0.134120858976,-0.235013587177,-0.0860746336115,-0.0492358134149,-0.0546015644821,0.0381512416529,0.0393279457479,
4.18335037958,0.452529137856,-1.04379773334,0.601402723988,-0.373070985643,0.271821698469,-0.0665924009176,-0.329998934704,-0.335858455044,-0.223725552185,-0.431321908533,0.0522680047842,0.0727680376247,
4.19978266368,0.802794667078,-1.06024988263,1.00074177497,-0.355759121074,0.0647788882689,-0.108606077106,-0.145002596341,-0.299304420734,-0.239057589964,0.0887934934765,0.14518339012,0.0686827673217,
3.88395545226,0.168357250496,-1.84467247473,0.703517112791,-0.341644765026,0.0321761785118,-0.118408919604,0.0256314852408,-0.647422872461,-0.0993668850966,-0.111663227654,0.0461562916861,0.224354629558,
4.51300183281,0.211860481799,-1.99678781487,1.01301013453,-0.381388363612,-0.132269651822,-0.0935922535985,0.229425650283,-0.431940044999,-0.179524931133,-0.162568360942,0.0817905482354,-0.272829550365,
4.28963506993,0.163416238995,-1.53762855905,0.449808664619,-0.781414858407,0.180771265681,-0.0068385511178,0.0858206102559,-0.483850463962,-0.0987947507695,-0.468333545414,0.126195975301,0.263063049403,
4.79284581784,0.549856682481,-1.46789138426,0.81004683007,-0.764735896148,0.121919825289,-0.00183055446031,0.0724816168356,-0.318639038634,-0.136939770075,-0.272475541363,0.226100440853,-0.0139248662279,
4.75739772711,0.648883270593,-1.29147494847,0.909396961036,-1.21787237767,-0.319960929702,0.12560753182,0.331863825926,-0.0986394200257,-0.340061988365,-0.52240593535,0.480464251021,-0.440038958798,
4.2247966068,0.754532757099,-1.94973194807,0.0918325628709,-1.16906603773,-0.62753842297,0.106388325706,0.505670365705,-0.428414362208,-0.195839009452,-0.641965677661,-0.377567816389,-0.64768219692,
3.51267877624,0.577219531552,-1.9910514677,0.0930608662703,-0.998883326535,-0.34363716254,0.054912740429,0.657551644846,0.0223196804413,-0.208321795073,-0.517568771797,-0.496376285961,-0.482563835061,
3.93639021249,-0.0766930998804,-1.70831242698,0.683917176801,-0.791226931157,-0.189473290563,0.0180189955484,0.568798123608,0.346199178414,-0.0567485504193,-0.409252785603,-0.559973557341,-0.914812282124,
4.08187154915,-0.0509797048325,-1.64664874068,0.32417411235,-0.529793303202,-0.182143228581,-0.690845528673,0.205108370755,0.105218233852,-0.302459974918,0.31283328375,-0.437280088571,-0.738889210215,
4.00107871746,-0.320825949658,-1.61813014742,0.528993515614,-0.507397396029,-0.294686568853,-0.593406614354,-0.244788120394,-0.383125921695,0.0940396587242,0.229507933065,-0.094714169574,-0.668103933304,
4.25609606815,-0.452293029384,-2.02258056684,0.203953420461,-0.767507568394,-0.0585264988804,-0.435064753318,-0.739104506099,-0.683293877038,0.0269582855135,0.0334271402443,-0.224289406212,-0.45814497016,
4.26368586022,-0.411463267648,-1.8924209814,0.434961729143,-0.729190640684,0.146077014384,0.100164605737,-0.194803726206,-0.623390060002,0.361884095655,0.067218987594,0.013045082202,-0.171706847799,
3.77808187549,-0.696997698147,-2.0553208078,0.312253110499,-0.436938499703,-0.0279157849099,0.304114299382,-0.268450713061,-0.608206897136,0.0241652430728,0.0146900876708,0.118912155278,0.0525784227461,
3.88113209304,-0.492202045506,-1.96858939633,0.182206104095,-0.532724232068,0.0525689791738,0.294013696615,-0.102613129837,-0.376761618977,0.283542971402,0.297157945153,-0.152577123992,-0.0593411515412,
3.54328286126,-0.888289323467,-2.2382270203,0.08834644773,-0.291575484847,0.0540842516067,-0.0331876386144,-0.0666283405087,-0.571164200199,-0.119602333018,0.138646403177,-0.171099323186,0.278280738142,
3.49567783526,-0.59910317818,-2.00928230787,0.2952608215,-0.29142466207,-0.109565500142,-0.0177865634479,0.0733527335962,-0.64347680958,-0.0435177432811,-0.212797054038,-0.229115963821,0.526789787724,
3.96651028276,-0.703352595573,-2.09296589853,0.31688800628,-0.128515658969,-0.11872002452,-0.0908671507769,-0.136062468291,-0.182593496097,0.0557878471098,-0.0205705445764,-0.111803594279,0.30199723099,
3.87151463016,-0.730523444406,-1.92861546917,0.516307056601,-0.497771936767,-0.199041936446,-0.405411244705,-0.0996004624319,-0.196953168129,-0.180821159588,-0.384341964935,-0.328660807023,0.170803106056,
4.01431659585,-0.429472694117,-1.6550671807,0.991193536303,-0.22499452888,-0.490118432101,-0.465353274221,0.0990476567366,-0.0304174561957,-0.0629810098044,-0.236367509485,-0.326059230107,0.125030856977,
4.97969748638,-0.51451113971,-1.48014365116,0.357109702852,-0.798757503069,-0.654744642645,-0.826455125505,-0.113267942574,-0.310605952243,-0.285008915585,-0.240691662242,-0.219631373049,0.276473915975,
4.59075604255,-0.352602822322,-1.5212771261,0.120042800986,-0.481643985348,-0.718898728537,-0.567311499219,0.43173152237,0.0855199531021,0.23184628815,0.0942423559899,0.061871159215,0.344462566418,
4.25643266938,-0.706643462527,-1.04613904972,0.759338217576,-0.0689529645591,-0.0337745245432,-0.120413793811,0.448548299745,0.0745522097529,-0.0204181833129,0.165061144895,0.144449333914,-0.0965799488959,
4.05522888104,-0.656739391412,-1.29848201603,0.793108854633,0.190769084532,0.0926495354811,-0.0252445077881,0.473134580602,-0.0167944686548,-0.114139657169,0.221923791557,-0.130312702803,-0.0976650205561,
3.78927689424,-0.492176276214,-1.8167113007,0.605927090737,-0.273333169752,-0.115557028467,-0.353762584107,0.188135825772,-0.0992191754338,-0.521049989452,-0.169003675589,-0.0534236818804,-0.281392944372,
4.05879806008,-0.453111110647,-1.37628746204,0.552087815727,-0.0967567720216,-0.0147543526326,0.105940261019,0.797598529038,-0.0988578154248,-0.186272541299,0.289789420025,0.0309991627886,0.304102211585,
4.14886271069,-0.637589813,-1.67646389798,0.347933408103,0.0522576535218,-0.0616754271033,0.0816922902111,0.373434048492,-0.15979771911,-0.452542719164,-0.0476697405031,-0.0273356006598,-0.12614964823,
3.7343943321,-0.734627858839,-1.76833363429,0.520850492713,0.462780123193,0.438468646234,-0.113252867322,0.260524487375,0.162461800787,0.0531957604939,0.376445403118,0.140996977348,-0.181824496772,
3.62164987732,-0.556030594368,-1.54924284979,0.580457402943,0.185688595833,-0.095225698464,-0.252540278773,0.460780623371,-0.257808124071,-0.101129492319,0.379869553561,-0.330283101105,-0.398063351954,
3.83420722363,-0.196775252443,-1.6769287962,0.359015511537,-0.244103735359,-0.0666406483074,-0.268388548014,0.682701151101,-0.284666505897,-0.0241758814499,0.540569452779,-0.06190201015,-0.229438664208,
3.96988864861,0.00436277222641,-1.90448251492,0.525953006195,-0.0523039839335,0.00855550446265,-0.0103166292892,0.543725109728,-0.383629938092,-0.3448678254,0.162463867084,-0.086099071592,-0.521816222809,
3.76198054521,-0.398640689067,-2.0030419507,0.0342513735178,-0.207975225529,-0.00468830403971,-0.0948129375253,0.683779763895,-0.184650905851,-0.00311713272913,0.336251071249,0.0329146377316,-0.371891987915,
4.12253083235,-0.0715401940663,-1.44415133143,0.556219532872,-0.128152606161,0.193391112501,-0.177040829708,0.253045652129,-0.0518744596662,-0.106879577973,0.0167300572469,-0.143490249189,-0.486377473152,
3.60470656352,0.573317176176,-1.89497473338,0.571582064913,-0.363979228218,-0.0590357746524,-0.334231070694,0.141271402386,-0.256306013974,-0.191617295842,-0.0601710148254,0.105703395242,-0.533376822529,
4.21817363298,0.244946121625,-1.82335851066,0.403519675549,-0.183225267344,0.394704100322,-0.164460982802,0.213281503195,-0.0874102840867,0.166815582512,-0.0307146425256,0.0764667457688,-0.147973726826,
4.06636194991,0.581333984913,-2.08811784331,0.385957904577,-0.0710944666193,0.117278792416,-0.0813919194928,0.174066578904,-0.436168493179,-0.201779033079,-0.209451679075,-0.0886444097037,-0.254137569416,
4.02857846244,0.0508156157426,-1.83242655942,0.156408527219,-0.187809987302,0.309353399013,0.309597275805,0.494980071063,-0.214126865309,-0.0718281963608,-0.0270800003427,-0.245262401305,-0.0982285972962,
4.26354119208,0.220883731934,-1.6065407637,0.22365448797,-0.200116708535,0.0321906580117,0.0665939317389,0.456174377875,-0.314373412471,-0.281491146272,-0.393415078383,-0.412961114608,-0.399765486293,
4.55049891923,0.449298698233,-1.26468411236,0.325950125008,-0.19935480583,0.361843496199,0.178591334436,0.331123812376,-0.0691489738615,-0.141370481348,-0.298243918652,-0.473347731799,-0.248212637004,
4.23363052839,0.5468655815,-0.881104865065,0.646208955339,-0.192533166213,0.0751228600211,0.0538727224541,0.425290152773,-0.209278239142,-0.483841268913,-0.199699160408,-0.284511776228,-0.101477476457,
4.22149310887,0.664709132831,-0.883484494017,0.839440842465,-0.107135529835,0.253963580005,-0.133866815779,0.19033830109,-0.280439650958,-0.437525134297,-0.336181145213,-0.165303469601,-0.416891849098,
3.90175170404,0.737208176297,-1.15088032001,1.07634061896,-0.599213224382,-0.480732727564,-0.204102929444,-0.0965711870065,-0.26723196207,-0.163278725541,-0.276575593121,-0.23331875807,-0.199300014614,
3.59181525759,0.493314943887,-1.01800138821,0.940004121582,-0.438895316188,0.010168298993,-0.102501911776,-0.113528733488,-0.372288720683,0.412254137111,-0.362789990317,-0.251507949599,-0.191641422142,
3.89636828892,0.781211979606,-0.600533796873,0.995633261797,-0.319717747124,-0.108201657398,-0.303886432534,0.558636209244,0.110300492558,0.0114285746683,-0.0986723274893,0.0266623448379,0.305595614865,
3.67726732579,0.50635512784,-1.045465264,0.678025407191,-0.398145119215,0.310411049606,0.169640563344,0.573153971401,0.114919685705,-0.119968715061,-0.0848886183707,0.113709227313,-0.137782802792,
3.88333093583,0.672789850109,-0.659202703728,0.868990560339,-0.775461761061,0.0255318206018,0.230675919914,0.394053450118,-0.0529143607123,-0.0483018978774,-0.311984560149,0.367933725259,0.207304917532,
4.23518012108,0.661285572981,-1.26519539739,0.723163745805,-0.430575700896,0.242758877106,-0.156047853025,0.284785262152,-0.172675707785,-0.277971389786,-0.251943599261,0.178820433725,0.162383135591,
3.81872450147,0.82665257757,-1.43753180147,0.17504019971,-0.343519952071,0.322375836979,-0.0365021601806,0.275663808888,-0.54493041319,0.0749149949223,0.116204937522,0.155182217915,0.267234329949,
4.17288816512,0.760887930696,-2.03660946521,0.362641294221,-0.413824375989,0.71444546041,0.140490458886,0.10194363022,-0.182669074888,-0.0712278949214,-0.0466049634321,0.141370390087,0.0708392886649,
4.95529196582,-0.228773592391,-1.58356451093,0.886249329582,-0.707218034574,0.271885588341,0.171992768833,0.0065412549607,-0.16330579415,0.371511076568,-0.048966182584,-0.164625178463,0.638561003861,
4.2253919829,-0.364117982061,-2.02208072212,0.476997361428,-0.80579402258,0.12243062429,0.121308529643,0.313792812864,0.00287151808711,-0.135495384772,-0.362916193823,-0.258046384946,-0.0569421351223,
4.85991710321,-0.239077878683,-1.52187370596,0.702670246354,-0.863729129936,0.35195713772,0.205797684432,-0.205526740448,-0.0467105691516,0.0881159969346,-0.261426659392,0.153350220236,0.201498679486,
4.87662117699,-0.0512632879191,-0.55173858617,0.714927881241,-1.10340401455,0.159510857926,0.140748181011,-0.666575969834,-0.410707600425,0.387822177684,0.0665805940493,-0.243438118261,-0.128872622274,
5.45534200813,-0.0645984155214,-0.672611959251,0.373573719667,-0.906919827804,0.0805325181187,0.0568181289401,-0.0423927996111,-0.325881246762,-0.165239201622,0.270193588318,-0.119230343276,-0.345573722538,
5.22124118022,0.0143068415746,-0.707361305976,0.18971031144,-0.855418225801,0.21505666415,0.146625134747,0.0995115161223,-0.492825458128,-0.463203259102,0.0380666826149,0.00346343989451,0.0330732140403,
4.71620626231,-0.0667105280285,-0.819402690146,0.592876598462,-0.590335340388,0.636844782186,0.186469155362,0.196320627057,-0.114068796474,0.12959295205,-0.0561979174583,-0.117257502144,-0.71354781414,
4.26729600812,1.04997770753,-0.970563827732,0.632234670716,-0.650522389158,0.356947906089,0.189359320261,0.0226843708799,-0.105294130776,0.1063508511,-0.0362683738853,-0.145542648392,-0.437961005946,
4.30432595705,0.815272374592,-0.5692732692,0.421848386596,-0.611776327975,0.300504329333,0.101392298335,0.0431388159292,-0.397495784057,0.136667355895,-0.233677786703,-0.162564214157,-0.27833302373,
4.06338775243,1.08740933444,-0.95245745873,0.520762367823,-0.549560265275,0.481839392568,0.205551370046,-0.0384134763714,-0.591828001255,-0.152598367015,-0.110978632138,0.102149778678,-0.265594981234,
4.0636333562,0.945104893408,-0.749403103751,0.673746917901,-0.35040623358,0.400740627317,0.0215097198929,0.0507512881917,-0.372352027891,0.0461238492114,-0.046441635532,-0.0935298315988,0.159349817769,
3.72145611162,0.713275276413,-1.04017081888,0.837610351699,-0.506338832018,0.568695819835,0.0407725282064,-0.145855747163,-1.05428432243,0.0883850852084,0.370822881962,-0.303520869509,-0.291097415303,
3.9530990682,0.665970376312,-1.1774139397,0.699883904208,-0.468623330851,0.266812532883,-0.0469377660105,0.0935389834812,-0.486542999686,0.0543560714213,0.207645522139,-0.198950909709,0.178569431987,
3.70758254647,0.688280490062,-1.27617500213,0.381694838979,-0.54601378017,-0.284425152704,-0.184119839195,0.341533166463,-0.377550775704,-0.10830679042,-0.225945144365,-0.0763606784433,0.2435926349,
3.96959489533,0.309570233703,-0.850489270466,0.323093303652,-0.57340981648,0.298543411518,0.298160848807,0.513422239957,-0.476759976716,0.108063174798,-0.0845285942898,0.341862271474,0.306038345334,
4.20502325282,-0.228672450557,-0.869541172721,0.397641875305,-0.0222760256586,0.449050831803,0.0931807311721,0.260109791577,-0.755073823036,-0.286951418878,0.3289194228,0.243190113889,-0.103963394242,
4.06127170672,-0.810623120021,-0.888651559385,0.0730395585524,-0.546715650818,0.145403786023,-0.00773046099459,-0.0961281546729,-0.707340673207,-0.133149391957,-0.0906800132832,-0.371118233041,-0.0647348155773,
3.93150991836,-0.54331355085,-0.671771678673,0.284472881577,-0.529113473015,0.655451598869,0.049491715848,0.555574148535,-0.451570260203,-0.305001240832,-0.506078044947,-0.286372907161,-0.0556201258825,
4.85856239263,-0.0779733773112,-0.634970013966,0.729597871141,-0.615591207113,-0.0524763722029,-0.504508211084,0.494776573623,-0.284997313851,-0.0544776963341,0.0155305151989,-0.0219577765974,-0.178874263892,
5.22823995043,0.401575077713,-0.722251224633,0.726450068396,-0.515036804834,-0.614625313695,-0.581446941112,0.175120620399,-0.259323834942,0.249415072255,0.127960451043,-0.300984001599,-0.0517531298233,
5.00365573493,0.68542812505,-0.919805499539,0.556142286523,-0.465539574488,-0.505246451877,-0.254891930174,0.469866344821,-0.169564853177,0.45900571848,0.195026440952,-0.0828235047974,-0.271467676776,
4.63770391476,0.747275319935,-1.21512896826,0.146220662123,-0.606818852732,-0.391567433627,-0.419146893597,0.606553112439,0.0560704293602,0.176074919191,0.117769450804,0.100746680936,-0.173219687099,
4.842708741,0.890396693655,-1.59768356559,0.469728269761,-0.284942323039,-0.0373596356084,-0.436725299351,0.519569429813,0.0479716975301,0.0652663927186,0.0620524025523,0.324277195438,-0.183673068003,
4.5260498804,0.425851169624,-2.02843343723,-0.0801722303827,-0.70120194241,-0.241185261903,-0.542971971595,0.315489006215,-0.278365777539,-0.342732964365,0.00312674216714,0.5015625614,0.0174400648186,
4.78090154786,0.432100208963,-1.79768923369,-0.0621309744129,-0.54266339569,0.519091943711,-0.388225455653,0.168565730641,0.004545835389,-0.309529928362,-0.288725794764,0.589315353493,0.311142313827,
4.2728734818,0.910542977854,-1.69992479192,-0.391368367363,-0.630565543772,0.280415156872,-0.379593260759,0.558633583853,-0.0307878980735,-0.242244041392,0.178650230093,0.519517230656,0.424728558556,
4.28325796576,0.483096342811,-1.87685891148,-0.108808000298,-0.828644660944,0.509549016541,-0.0229587410578,0.48118463395,0.128460908304,-0.275779448137,-0.300880377857,0.259103654109,0.402431343709,
3.97564603109,0.648706977841,-1.90951459369,-0.12608255138,-0.934271660884,0.289599480113,-0.179468775339,0.402627608299,-0.212936031725,-0.220471715555,-0.298563732664,0.453074036987,0.477081355163,
3.81391961406,0.436583977648,-2.03265587638,-0.342746742652,-0.530900268041,0.421871266355,-0.0938283407645,0.248173489615,-0.209022546406,-0.505662299267,-0.210559144108,0.54818497745,0.259016502502,
3.78402274786,0.743483287877,-1.87257538327,-0.270704817604,-0.787028220165,0.379674799981,-0.331871940571,0.222216928452,-0.0159487517949,-0.504146377873,-0.166396544815,0.605085397828,0.38399363716,
3.92316560764,0.639158755637,-1.8877645495,-0.0977180451663,-1.01838212748,0.107257896314,-0.555868846178,0.155153587829,-0.496198401103,-0.670935574702,-0.0408722800465,0.71813643447,-0.040446669746,
4.18353549159,0.716525136316,-1.77952956368,-0.158064543574,-0.660025206461,0.408004281505,-0.428823463612,0.222817061095,0.0223829895461,-0.364474581749,0.188846300122,0.491460603239,0.112409857094,
3.92408950784,1.34076596181,-1.94812505085,-0.0464237478857,-0.81450210274,0.265153451857,-0.327030899187,0.378895616185,-0.0507287038277,-0.144896496097,-0.107961119572,0.421543183233,-0.0257836618033,
4.28419637717,0.858875372218,-1.92450676389,-0.028005403384,-0.608679257079,0.151727180342,-0.500285833526,0.143019520783,-0.207784529206,-0.209361548767,0.0652303904401,0.267249916617,-0.0258290516576,
4.73155429319,0.399241858464,-1.2519021029,-0.0911620698198,-0.0888917412658,-0.0745665876921,-0.438962656934,-0.111419153171,-0.382395944751,-0.183219398273,9.93570864373e-05,0.0335035650878,-0.0499286151107,
4.30074044797,0.919048703047,-1.4660837395,-0.607617807068,-0.334211149448,0.305739264271,-0.404462315043,0.294547440065,-0.0637078889749,-0.0797518444981,0.0445852785192,0.364878619863,0.42216569552,
4.24283989353,0.944818676525,-1.32546540705,0.0544984817017,-0.345989361628,0.522229507667,-0.114541864642,0.191036732561,0.27768198268,-0.204250118723,-0.51733015155,0.45702292926,0.698673388079,
4.09832536351,0.549786928198,-1.30963826523,0.0047485578252,-0.742990992399,0.0635647302579,-0.113089475635,0.175977135004,-0.0826788918346,-0.13581544549,-0.605902741112,-0.131483446233,0.477675755714,
4.51849615184,0.881036093114,-1.13219354851,-0.0693814026132,-0.590195915325,0.451623987124,-0.286217852844,0.242409143962,0.0716081163414,-0.159048966164,-0.747338462627,0.0167485522713,0.361842023434,
4.68548508941,0.504657201386,-1.23754384829,-0.156850296573,-0.316538491033,0.579417515359,-0.036630514518,0.510032445193,0.125770037738,-0.222705501992,-0.614490999414,-0.27415575975,0.245785924264,
4.5769199017,0.738418583792,-1.41310381737,-0.499499485056,-0.466848072417,0.504352374929,-0.556017042905,0.244410599385,0.0686705562511,-0.0304119317359,-0.267262875765,0.140583926392,0.501499804072,
4.26140431782,0.721951400998,-1.36140107593,-0.211212340687,-0.504853012518,0.31311435579,-0.395013908662,0.109848375696,-0.501863721664,-0.00768301451956,0.125542105293,0.290244464427,0.21670508931,
4.00093137025,1.47769818477,-1.68757128766,-0.0785273720251,-0.461555230931,0.291425082283,-0.393517058663,0.00364687889757,-0.0374576981909,0.105048892572,0.570739223138,0.236745129071,-0.0561118222369,
3.67834558409,1.11716677317,-2.00858312766,0.208116824585,-0.263630026245,0.316732706735,-0.159277166887,-0.274710651094,-0.173241986686,0.620634825824,0.195653973867,0.139110019537,0.0879643532761,
4.15150742319,0.732157795017,-1.4841472963,0.165696635191,-0.388519656681,0.45395774943,-0.545492486002,-0.349013669657,-0.0214276005955,0.602500032655,0.288723736844,-0.140979711713,-0.127512452379,
3.82091757019,0.678522549109,-1.34938859876,0.0417297342138,-0.341958013668,0.292650438312,-0.398976034886,-0.20097493899,0.303798755139,0.566202370387,0.153825156033,-0.185458027629,-0.191421196174,
3.87252193108,1.01379400859,-1.29804067069,-0.140580424427,-0.845755019467,0.0807864086645,-0.8135880987,-0.277427604917,-0.00562387585068,0.845075695981,0.0493464065232,-0.531304454832,0.192312138924,
4.11333820326,1.01759728166,-1.43817503455,-0.174054450171,-0.813383527235,0.36870260123,-0.459466235848,-0.00565864921389,0.0403611489591,0.58316693302,-0.119930981547,-0.213733358965,0.345773677912,
4.07673370714,1.41899590228,-1.38129494832,-0.269759771069,-1.03620741099,0.379101201361,-0.373472746062,-0.14430158247,-0.086398281314,0.209569388969,0.227493782092,0.190420024822,0.108226437353,
4.3732217715,1.44131717258,-1.42855428558,0.0118857857272,-0.954771234749,0.156256910697,-0.293012412294,-0.198323943419,-0.390625745207,0.125698222123,0.152286200597,0.262187121112,-0.160615668296,
4.22189439257,1.39889414232,-1.71871494991,0.462940350228,-0.949589212107,0.300671293933,-0.203965868513,-0.465111257799,-0.442160594805,0.345709320381,0.23459662867,0.0979730097027,-0.373703580854,
3.6288082201,1.07253656166,-2.02087749029,-0.148725724085,-0.982094203528,0.384318807491,-0.36570229468,-0.486416867552,0.0955182378173,0.162790273783,-0.367782794951,0.108101605808,-0.116947660027,
4.09640270036,1.31750498637,-1.57151254648,0.35359493779,-0.830344099372,0.343983891865,-0.15611218579,-0.297664493635,-0.17492490156,0.533820024048,0.190993982948,-0.190408344973,-0.0974718510965,
4.28427890533,0.86269857833,-1.42009278033,0.290007714001,-0.68845540253,0.527402177432,-0.577979441477,-0.45906535642,-0.164767650925,0.367240519731,0.183013569729,-0.253863354236,-0.286096263118,
4.52809773064,0.65066403257,-1.57675924069,0.0418140071417,-0.66912199133,0.333038196195,-0.576433565204,-0.460555240296,-0.197192649802,0.206206436908,0.0233058420164,-0.096406373282,-0.0106183279027,
4.62852369621,1.19978159945,-1.37356137663,0.178336195633,-0.545629772244,0.386148038048,-0.446702091687,-0.0718389614875,-0.168026743579,0.166411271516,-0.0547278607917,-0.0720912144625,-0.174315145751,
4.55422189174,0.850478706877,-1.2677522122,0.279421987034,-0.763734062579,0.217429007003,-0.392537439348,-0.337246065347,-0.0669811882572,0.251354239333,0.0389630290135,-0.079733470618,-0.462660617871,
4.0856795033,1.6173859722,-1.24459238433,0.0788865508196,-1.3182560995,0.383430882531,-0.852521826251,-0.280507320196,0.056171990425,0.0263699593344,-0.208029499564,0.144584701439,-0.0651573195458,
4.59959469713,1.28099911976,-1.20005696376,0.427994281117,-0.946883796073,0.382473917929,-0.433352427689,-0.0829918115773,-0.294088575157,0.0102014972363,0.221276195113,-0.0798829947469,0.370407737228,
3.9774368868,1.23309612401,-1.0015966049,0.458953027825,-1.07627673595,-0.186902749218,-0.336582817539,0.247708786813,-0.399421772275,-0.118692938952,0.134344239147,0.387076362774,-0.138832454268,
3.77735876985,1.68423667506,-1.32784734902,0.820645621164,-0.699872060877,-0.0194206714212,-0.572790009939,-0.125905501976,-0.418676092942,-0.350542008318,0.049623679905,0.181486716153,0.144346841625,
4.05042673163,1.33476443658,-1.30233866919,0.410575576045,-0.901871321628,0.174682227826,-0.54645897694,-0.196076236496,0.0604549671458,0.0247583619905,-0.159719623732,0.0598419549724,-0.0051798261252,
4.05838054517,1.21312470031,-1.42316293649,0.862405603366,-1.07873331587,-0.105699279278,-0.0982026567886,0.0809862245403,-0.0152490172566,-0.110925596893,0.116915367305,0.15219390631,-0.179996919565,
3.93457043605,1.24785759719,-1.47408107666,0.315867854069,-1.20177916529,0.354761996228,0.0212177887401,-0.10357431983,-0.386997817282,-0.160143464778,0.278845325433,0.144485632218,-0.323283292074,
4.39801117935,1.40923128332,-1.72637000025,0.325405562528,-1.0279267547,0.551925940089,-0.00728831833785,-0.227864783218,-0.443003674737,-0.0834495747449,0.0850372560533,-0.0742350634996,0.182459329158,
3.72935180959,0.702928145792,-1.74615475979,0.0322663567606,-0.639062207454,0.707361713944,0.199625405951,0.279044147028,0.0207689890927,0.122662287102,-0.123221611795,0.0297755547571,-0.362666875105,
4.07272922511,0.499729195035,-1.42379983886,0.719641398262,-0.512091960745,0.371181080727,-0.14547239704,0.412093034309,-0.0231923959967,0.477591401304,0.148990514304,-0.000604039460313,0.217306232372,
3.65717610605,0.986678486564,-1.64948327765,0.374846009991,-0.481260559465,0.530314507303,-0.0432321076196,0.226967609621,0.276779136728,0.0776762762731,-0.0472006322486,-0.00729077541014,-0.230921427285,
